date	month	year	dow	pm1	      temp	stagno	admyng	gasyng
10000	5	87	3	5.549286979	52	7	2	0
10001	5	87	4	10.27945433	55	7.5	1	1
10002	5	87	5	7.933674644	59	10.5	1	1
10003	5	87	6	11.1673955	55	8	6	1
10004	5	87	7	8.795092998	58	7.5	4	2
10005	5	87	1	8.308595578	58	11	3	1
10006	5	87	2	8.632475678	53	2.5	6	1
10007	5	87	3	3.167554193	55	1	3	0
10008	5	87	4	3.334489933	55	0	9	1
10009	5	87	5	4.167917362	55	3	1	0
10010	5	87	6	8.84387676	57	7	5	1
10011	5	87	7	3.364562291	55	2.5	4	1
10012	5	87	1	2.659733287	54	0	4	1
10013	6	87	2	4.941786724	55	2	8	1
10014	6	87	3	6.84762063	59	2.5	4	0
10015	6	87	4	11.63994465	66	3	4	1
10016	6	87	5	11.92690688	65	7.5	5	0
10017	6	87	6	5.699890204	59	3	2	2
10018	6	87	7	6.292472938	60	1.5	2	2
10019	6	87	1	6.95214787	65	8.5	6	3
10020	6	87	2	14.60040113	57	11	5	1
10021	6	87	3	17.45520722	55	3.5	5	1
10022	6	87	4	8.257501503	59	4.5	2	0
10023	6	87	5	11.08767777	63	7.5	8	3
10024	6	87	6	5.533033116	65	1	2	1
10025	6	87	7	9.940597577	64	9	2	2
10026	6	87	1	6.406781521	64	6.5	5	0
10027	6	87	2	8.312043944	57	4	4	1
10028	6	87	3	5.227665126	55	4.5	5	1
10029	6	87	4	8.07898339	59	5.5	5	1
10030	6	87	5	5.895362808	63	10.5	1	0
10031	6	87	6	8.923324075	64	9.5	4	0
10032	6	87	7	7.160634143	58	5	3	2
10033	6	87	1	1.734807342	58	0.5	7	0
10034	6	87	2	2.387203572	60	2	3	3
10035	6	87	3	4.62848945	61	6.5	2	0
10036	6	87	4	7.563265251	66	6.5	8	2
10037	6	87	5	12.85068119	71	7	3	0
10038	6	87	6	10.51774874	73	7.5	3	0
10039	6	87	7	6.925528694	71	8.5	1	0
10040	6	87	1	10.53155469	69	10.5	2	1
10041	6	87	2	13.11058157	76	12	4	3
10042	6	87	3	12.62675939	70	2.5	4	1
10043	7	87	4	6.589326095	66	1	3	0
10044	7	87	5	4.843141094	61	5.5	4	3
10045	7	87	6	6.082256693	64	7	3	1
10046	7	87	7	5.752385194	59	2.5	3	0
10047	7	87	1	2.238283421	61	1.5	3	1
10048	7	87	2	6.13142926	60	10.5	2	0
10049	7	87	3	6.229759757	61	3	5	1
10050	7	87	4	4.694751531	59	8.5	3	4
10051	7	87	5	6.950876202	59	15.5	1	1
10052	7	87	6	14.74671966	63	12	0	0
10053	7	87	7	10.58414135	72	9	1	1
10054	7	87	1	6.154680684	71	7	1	0
10055	7	87	2	9.435350531	71	8	1	0
10056	7	87	3	6.608555215	70	5	1	2
10057	7	87	4	6.431344171	63	4	5	1
10058	7	87	5	8.399258235	61	4	1	0
10059	7	87	6	9.285177996	64	10.5	4	1
10060	7	87	7	5.302479012	69	5	5	1
10061	7	87	1	8.833677567	64	11	4	2
10062	7	87	2	13.14005324	68	9.5	4	1
10063	7	87	3	10.80052988	69	11.5	0	2
10064	7	87	4	5.129917819	60	2	0	1
10065	7	87	5	12.63346739	66	9	3	1
10066	7	87	6	18.42698842	66	11	0	0
10067	7	87	7	8.07715613	64	6	3	0
10068	7	87	1	12.14433952	66	8	3	3
10069	7	87	2	5.135169644	65	6.5	3	2
10070	7	87	3	6.417479054	64	10.5	6	0
10071	7	87	4	3.925013736	65	5.5	4	1
10072	7	87	5	5.47145328	63	8	4	1
10073	7	87	6	4.169321285	62	5	0	2
10074	8	87	7	3.636414295	65	6.5	2	0
10075	8	87	1	6.509049038	67	9.5	2	0
10076	8	87	2	7.020534047	72	10.5	3	1
10077	8	87	3	9.294716134	69	9	5	1
10078	8	87	4	8.656594379	62	6	2	0
10079	8	87	5	8.012300525	67	12.5	3	1
10080	8	87	6	13.57668898	70	11	6	1
10081	8	87	7	10.15374937	74	10.5	3	1
10082	8	87	1	7.802252073	69	9.5	1	0
10083	8	87	2	5.834592407	61	3	4	1
10084	8	87	3	7.992796054	68	13	3	0
10085	8	87	4	11.94319563	59	7.5	1	1
10086	8	87	5	5.673570399	61	4.5	0	0
10087	8	87	6	11.82682672	63	20	5	2
10088	8	87	7	5.875071067	61	0.5	2	0
10089	8	87	1	4.539315518	61	5	6	0
10090	8	87	2	11.35043502	62	12.5	1	0
10091	8	87	3	6.451644606	66	8	1	3
10092	8	87	4	6.936829778	64	6.8	4	1
10093	8	87	5	6.16055098	63	5	1	1
10094	8	87	6	7.289625016	63	4	1	0
10095	8	87	7	11.93334322	67	9	4	0
10096	8	87	1	11.77993713	68	16.5	4	2
10097	8	87	2	14.37207112	69	13	1	0
10098	8	87	3	11.41918724	69	11	2	0
10099	8	87	4	18.39246811	66	13.5	2	0
10100	8	87	5	12.79280571	69	12	2	2
10101	8	87	6	6.679045517	63	10	2	2
10102	8	87	7	6.553164126	70	8	1	2
10103	8	87	1	13.64694314	73	14	4	3
10104	8	87	2	16.32960796	77	13	6	0
10105	9	87	3	18.83572059	75	9.5	1	1
10106	9	87	4	3.186093761	62	2	2	0
10107	9	87	5	7.415639774	62	11.5	3	2
10108	9	87	6	8.343523013	64	10.5	3	1
10109	9	87	7	12.63827655	68	13.5	4	0
10110	9	87	1	9.488439621	69	13	4	0
10111	9	87	2	14.43297954	67	14	3	1
10112	9	87	3	23.03614558	63	18.5	5	1
10113	9	87	4	32.3490593	62	13	1	1
10114	9	87	5	19.47069383	66	11	3	0
10115	9	87	6	12.22947608	58	7.5	2	0
10116	9	87	7	7.773253811	59	13	1	1
10117	9	87	1	7.803588904	61	11.1	7	0
10118	9	87	2	10.79659946	56	6	2	2
10119	9	87	3	5.646489125	57	4	3	1
10120	9	87	4	7.966955091	57	11.5	4	2
10121	9	87	5	13.15257957	58	15.5	7	2
10122	9	87	6	16.64651174	62	18	6	3
10123	9	87	7	19.1695571	63	16	9	3
10124	9	87	1	20.80117209	69	14.5	7	1
10125	9	87	2	22.64036903	69	15.5	5	1
10126	9	87	3	24.706071	68	15	6	0
10127	9	87	4	24.92151633	67	17	8	3
10128	9	87	5	16.64473556	59	5.5	6	0
10129	9	87	6	5.142464987	58	0.5	8	2
10130	9	87	7	6.59391662	56	7	6	1
10131	9	87	1	8.683165295	56	12.5	7	0
10132	9	87	2	15.86310323	60	10	11	2
10133	9	87	3	17.3101952	66	10	6	0
10134	9	87	4	20.72469898	66	17.5	5	0
10135	10	87	5	28.30066607	70	18	7	0
10136	10	87	6	17.44081796	61	5	3	0
10137	10	87	7	9.393968858	63	2	3	0
10138	10	87	1	4.858256434	61	10.5	6	0
10139	10	87	2	13.94374513	60	12.5	5	0
10140	10	87	3	16.10181949	64	8	5	1
10141	10	87	4	22.08660157	62	19	2	0
10142	10	87	5	38.08879414	57	14	5	1
10143	10	87	6	22.1094685	62	8	7	0
10144	10	87	7	20.10255301	61	16	3	1
10145	10	87	1	18.6799369	59	15.5	5	1
10146	10	87	2	28.88645704	55	19	6	0
10147	10	87	3	40.28924153	53	17.5	5	0
10148	10	87	4	35.23486763	49	17.5	7	1
10149	10	87	5	31.28826851	50	14.5	4	0
10150	10	87	6	25.18711526	54	12.5	5	1
10151	10	87	7	21.99509705	52	14	3	2
10152	10	87	1	25.31825355	51	12.5	7	2
10153	10	87	2	19.72195907	57	5	9	2
10154	10	87	3	31.97280683	56	17.5	7	0
10155	10	87	4	41.37192476	53	21	3	1
10156	10	87	5	70.11210467	49	20	2	2
10157	10	87	6	80.10478152	50	18	9	0
10158	10	87	7	31.24620925	53	21.5	5	1
10159	10	87	1	12.94547694	55	8	7	0
10160	10	87	2	20.7632566	51	8.5	7	0
10161	10	87	3	30.12201383	48	14.5	5	2
10162	10	87	4	48.99708629	50	18	5	3
10163	10	87	5	32.7552666	55	12.5	9	0
10164	10	87	6	32.90871453	59	15.5	8	0
10165	10	87	7	14.9503424	56	10.5	2	0
10166	11	87	1	8.559577881	53	11	5	0
10167	11	87	2	13.33584651	51	22.5	7	1
10168	11	87	3	38.71295324	52	21.5	3	0
10169	11	87	4	50.56672757	49	6	5	1
10170	11	87	5	37.79426519	52	12.5	4	1
10171	11	87	6	40.00250591	49	NA	5	1
10172	11	87	7	33.72502871	56	NA	11	1
10173	11	87	1	25.97853528	56	NA	9	1
10174	11	87	2	33.50707423	54	NA	3	0
10175	11	87	3	22.5968932	53	15.5	8	0
10176	11	87	4	17.33996298	54	6.5	8	1
10177	11	87	5	26.06285433	54	13	6	0
10178	11	87	6	12.61696135	48	8	8	0
10179	11	87	7	4.808127197	46	1.5	10	1
10180	11	87	1	5.780955402	47	7	7	1
10181	11	87	2	23.96892716	39	20	7	0
10182	11	87	3	55.66548962	42	18.5	5	1
10183	11	87	4	55.82672633	48	20.5	5	2
10184	11	87	5	54.88885789	54	12.5	2	0
10185	11	87	6	35.39137885	57	8	5	2
10186	11	87	7	2.128477949	49	0	7	2
10187	11	87	1	4.15463422	47	0	4	0
10188	11	87	2	6.153744669	48	0.5	11	1
10189	11	87	3	6.641360304	47	0	11	1
10190	11	87	4	36.98657629	44	18	3	0
10191	11	87	5	48.68465247	44	23.5	3	1
10192	11	87	6	71.38061054	44	21	12	0
10193	11	87	7	78.29808283	39	21.5	8	1
10194	11	87	1	64.28972725	41	10.5	6	3
10195	11	87	2	7.249996693	48	1.5	7	0
10196	12	87	3	7.023340261	46	1.5	6	1
10197	12	87	4	9.882118978	48	3.5	4	1
10198	12	87	5	15.98725012	49	8.5	7	2
10199	12	87	6	22.13547305	44	10.5	7	1
10200	12	87	7	35.39687915	43	16.5	4	1
10201	12	87	1	10.17364788	48	7.5	5	0
10202	12	87	2	7.222162033	46	4.5	6	0
10203	12	87	3	6.225231294	46	3	10	1
10204	12	87	4	3.426409051	48	1.5	8	1
10205	12	87	5	2.736266159	44	0	5	0
10206	12	87	6	14.31066462	40	10	6	3
10207	12	87	7	19.57729789	36	18	5	0
10208	12	87	1	23.07638253	31	14	9	0
10209	12	87	2	17.04184407	35	15.5	9	2
10210	12	87	3	21.34050862	32	11.5	4	1
10211	12	87	4	9.731186171	34	7.5	5	0
10212	12	87	5	33.27267581	34	22.5	8	1
10213	12	87	6	23.76126807	37	17	8	0
10214	12	87	7	44.45872141	35	20.5	6	1
10215	12	87	1	28.50814892	36	12.5	11	0
10216	12	87	2	7.463625868	40	2	4	2
10217	12	87	3	20.5935566	38	6	5	0
10218	12	87	4	25.60537515	34	10.5	8	0
10219	12	87	5	50.54270813	36	17	6	0
10220	12	87	6	56.08177259	33	19	7	0
10221	12	87	7	71.42989004	33	13	7	0
10222	12	87	1	56.84746997	37	14	13	2
10223	12	87	2	41.90726629	41	13	10	0
10224	12	87	3	27.92682623	41	15.5	7	1
10225	12	87	4	31.67775106	39	14.5	6	2
10226	12	87	5	35.6376176	39	19	6	1
10227	1	88	6	46.24099736	35	13	9	0
10228	1	88	7	40.00607003	32	12.5	6	1
10229	1	88	1	14.77432867	36	3	6	0
10230	1	88	2	24.65862829	40	9.5	7	1
10231	1	88	3	38.91130596	42	11.5	4	1
10232	1	88	4	47.48961154	41	22	4	0
10233	1	88	5	32.4150593	41	12	4	0
10234	1	88	6	23.91164122	38	4	6	0
10235	1	88	7	14.41601481	42	7	1	2
10236	1	88	1	9.92013455	43	10	4	4
10237	1	88	2	8.200121372	41	1.5	11	0
10238	1	88	3	11.09174025	41	4	11	1
10239	1	88	4	14.32019795	43	8.5	6	1
10240	1	88	5	7.274024717	48	4	8	1
10241	1	88	6	4.719726406	42	0	10	0
10242	1	88	7	11.03481969	39	3.5	10	0
10243	1	88	1	34.18327743	40	17	11	0
10244	1	88	2	25.71553399	40	18	4	0
10245	1	88	3	35.35547648	39	8	9	0
10246	1	88	4	16.8119118	43	4	7	1
10247	1	88	5	44.78611667	41	18	5	2
10248	1	88	6	27.17707406	40	3.5	8	1
10249	1	88	7	33.52622821	41	22.5	8	1
10250	1	88	1	63.21840191	35	23	9	0
10251	1	88	2	93.59298033	42	22	9	2
10252	1	88	3	95.37457685	38	20.5	6	0
10253	1	88	4	80.4937907	46	15.5	8	1
10254	1	88	5	24.07214788	48	6.5	7	2
10255	1	88	6	10.17564522	43	1	5	2
10256	1	88	7	15.20420966	36	9	9	0
10257	1	88	1	14.32592158	32	0.5	7	1
10258	2	88	2	31.47131165	30	14	11	1
10259	2	88	3	43.03049705	33	2.5	9	3
10260	2	88	4	21.02816063	41	15.5	6	1
10261	2	88	5	33.39836422	40	15.5	13	3
10262	2	88	6	64.61130857	41	13.6	6	1
10263	2	88	7	23.7638067	44	7	4	0
10264	2	88	1	8.346296094	47	3.5	9	1
10265	2	88	2	16.10082523	47	11	8	1
10266	2	88	3	12.93425447	45	7	10	0
10267	2	88	4	11.08062446	48	2.5	5	3
10268	2	88	5	9.667753613	48	1.5	3	0
10269	2	88	6	11.91197936	48	0.5	9	0
10270	2	88	7	5.092558228	46	1	6	0
10271	2	88	1	5.918989839	43	0.5	5	0
10272	2	88	2	6.095629609	42	1	4	2
10273	2	88	3	16.12791485	42	6.5	11	2
10274	2	88	4	8.54677354	44	1.5	7	1
10275	2	88	5	16.88633606	43	15.5	9	0
10276	2	88	6	31.55749945	46	12	9	2
10277	2	88	7	43.57107576	42	11	4	2
10278	2	88	1	61.96930337	41	14	9	0
10279	2	88	2	57.07433694	44	10	5	2
10280	2	88	3	33.15167383	47	12.5	4	1
10281	2	88	4	37.76632124	49	20.5	10	2
10282	2	88	5	52.3300987	49	13	7	0
10283	2	88	6	40.57590667	49	14	6	2
10284	2	88	7	43.32371377	50	8	7	0
10285	2	88	1	30.97382615	52	13.9	11	3
10286	2	88	2	45.60676505	54	11.5	4	0
10287	3	88	3	21.39151848	49	10.5	12	0
10288	3	88	4	11.17389289	47	3.5	2	0
10289	3	88	5	12.53858161	44	4.5	7	0
10290	3	88	6	12.31471243	45	6.5	4	1
10291	3	88	7	10.71392823	44	2	3	0
10292	3	88	1	5.321744949	44	0	7	2
10293	3	88	2	19.67430763	44	12	5	0
10294	3	88	3	17.57623304	45	5.5	5	1
10295	3	88	4	8.017151714	42	4.5	7	1
10296	3	88	5	14.89900786	43	14	6	0
10297	3	88	6	45.84051767	44	17	6	1
10298	3	88	7	29.76482901	44	16	6	1
10299	3	88	1	31.59884385	47	15	9	3
10300	3	88	2	44.85199984	45	13.5	5	1
10301	3	88	3	20.19163257	46	11	8	3
10302	3	88	4	24.52624505	49	15.5	7	1
10303	3	88	5	30.87171392	49	17	7	1
10304	3	88	6	41.71074665	51	17	7	0
10305	3	88	7	24.77237554	53	5	10	1
10306	3	88	1	4.96292565	47	1.5	5	1
10307	3	88	2	6.593248482	46	3	8	1
10308	3	88	3	7.392727209	48	0.5	12	2
10309	3	88	4	3.903161931	46	0	9	1
10310	3	88	5	5.531281105	42	0	9	0
10311	3	88	6	4.213635554	47	0	11	1
10312	3	88	7	2.814263523	43	2.5	7	1
10313	3	88	1	7.450135383	43	8	5	0
10314	3	88	2	15.29956639	42	3.5	6	0
10315	3	88	3	7.173899745	46	5	10	0
10316	3	88	4	15.67332034	46	13.5	7	0
10317	3	88	5	15.10016324	51	15.8	8	0
10318	4	88	6	18.77228538	49	6.5	5	1
10319	4	88	7	7.801735127	48	2	6	0
10320	4	88	1	3.543647342	45	0	4	0
10321	4	88	2	3.751956448	44	0.5	5	4
10322	4	88	3	10.5078661	45	3.5	5	3
10323	4	88	4	4.270393606	45	2	1	0
10324	4	88	5	7.464404773	44	2	5	0
10325	4	88	6	8.771362857	47	5.5	4	1
10326	4	88	7	7.708291749	53	6.5	5	0
10327	4	88	1	7.766278911	59	8	3	0
10328	4	88	2	11.86428359	54	6.5	3	0
10329	4	88	3	35.80239446	58	13	5	1
10330	4	88	4	10.0182333	53	3.5	7	0
10331	4	88	5	15.58971116	53	15	3	0
10332	4	88	6	35.02675467	57	17	6	0
10333	4	88	7	19.0056846	53	15.5	7	2
10334	4	88	1	11.24467665	48	7	5	0
10335	4	88	2	9.011598496	50	10.5	4	0
10336	4	88	3	18.07271598	55	6	2	0
10337	4	88	4	13.91187615	58	9.5	7	1
10338	4	88	5	10.89466196	49	0	5	0
10339	4	88	6	11.1231918	49	10	1	0
10340	4	88	7	7.387536767	46	0	4	1
10341	4	88	1	8.5531458	45	3.5	6	2
10342	4	88	2	8.826729989	49	12.5	7	3
10343	4	88	3	19.88893382	53	16.5	7	0
10344	4	88	4	15.79697213	59	13.5	5	0
10345	4	88	5	9.707843144	55	3.5	8	0
10346	4	88	6	3.628470669	46	0	4	1
10347	4	88	7	5.268154823	46	2	5	1
10348	5	88	1	3.994993778	45	1	6	1
10349	5	88	2	14.61375462	44	2.5	0	0
10350	5	88	3	8.694676009	47	7	4	0
10351	5	88	4	11.8588338	50	11.5	3	1
10352	5	88	5	20.20211779	51	11	6	2
10353	5	88	6	8.247275279	49	8	1	0
10354	5	88	7	13.26084862	53	11.5	4	0
10355	5	88	1	10.05596939	58	10	4	1
10356	5	88	2	7.654585242	60	7.5	5	1
10357	5	88	3	7.944396553	66	9	6	1
10358	5	88	4	17.802486	69	11.5	6	1
10359	5	88	5	9.485439998	63	5	2	0
10360	5	88	6	4.029647553	53	0	5	2
10361	5	88	7	5.413131379	57	6	1	0
10362	5	88	1	4.913348432	62	9.5	2	1
10363	5	88	2	4.382561342	53	2	6	2
10364	5	88	3	5.057113191	52	1	5	1
10365	5	88	4	5.877562887	53	4.5	4	1
10366	5	88	5	3.795215835	56	8.2	3	0
10367	5	88	6	7.568266	59	3	3	0
10368	5	88	7	16.10775603	67	10.5	7	0
10369	5	88	1	4.9301225	55	0	7	0
10370	5	88	2	5.4187278	51	3.5	9	0
10371	5	88	3	8.558787585	54	11.5	5	0
10372	5	88	4	6.500161992	56	6	5	1
10373	5	88	5	18.05460756	55	4.5	3	0
10374	5	88	6	10.87066507	58	6	4	0
10375	5	88	7	1.897759427	52	2	3	0
10376	5	88	1	4.081982989	51	8	2	1
10377	5	88	2	2.705792941	52	1	5	2
10378	5	88	3	4.117336896	55	5	5	0
10379	6	88	4	7.101284791	53	8	1	1
10380	6	88	5	6.893666886	56	8.5	3	0
10381	6	88	6	4.961073045	56	4.5	4	1
10382	6	88	7	5.809579198	56	11.5	6	1
10383	6	88	1	3.889816418	55	5.5	3	0
10384	6	88	2	5.096252655	57	4	4	0
10385	6	88	3	6.29303016	54	8	3	2
10386	6	88	4	7.457445185	56	10	2	2
10387	6	88	5	8.986609705	56	6.5	4	4
10388	6	88	6	4.465948362	58	2	2	0
10389	6	88	7	2.477482904	58	6.5	1	0
10390	6	88	1	5.425105205	59	9	7	0
10391	6	88	2	6.172113744	62	9.5	3	0
10392	6	88	3	10.39068633	71	9.5	2	0
10393	6	88	4	7.609482209	66	4	7	1
10394	6	88	5	13.11549745	59	7.5	5	0
10395	6	88	6	7.578429726	58	0	3	1
10396	6	88	7	3.244631516	63	0	6	1
10397	6	88	1	3.076367708	63	2	4	1
10398	6	88	2	6.640398062	63	5.7	2	2
10399	6	88	3	7.119186061	68	5.5	1	2
10400	6	88	4	4.490255026	63	3	6	1
10401	6	88	5	4.708435718	60	2.5	11	1
10402	6	88	6	6.635048864	65	7	4	0
10403	6	88	7	6.04055268	64	2	7	0
10404	6	88	1	2.667338657	61	3.5	4	2
10405	6	88	2	2.169696175	58	4.5	7	1
10406	6	88	3	5.593216653	57	4.5	3	1
10407	6	88	4	3.344217389	59	3	2	1
10408	6	88	5	10.76620527	61	12.5	3	0
10409	7	88	6	4.466946041	59	3	3	1
10410	7	88	7	1.320746279	63	2	3	0
10411	7	88	1	5.890064249	60	7.5	2	0
10412	7	88	2	7.580478031	59	6.5	4	0
10413	7	88	3	3.976784948	57	1.5	4	3
10414	7	88	4	7.444713615	60	1.5	1	2
10415	7	88	5	10.03586504	63	5	1	1
10416	7	88	6	12.04145817	68	11	2	1
10417	7	88	7	10.32457724	65	12	9	0
10418	7	88	1	3.455436608	63	8.5	3	2
10419	7	88	2	2.636132913	60	1	2	1
10420	7	88	3	3.373892241	59	3.5	1	2
10421	7	88	4	4.706349838	60	1.5	2	2
10422	7	88	5	6.151063089	62	2	3	0
10423	7	88	6	6.401285057	66	10.5	9	0
10424	7	88	7	3.783895287	64	9.5	2	0
10425	7	88	1	3.894155036	67	6.5	7	0
10426	7	88	2	6.005552359	70	8.5	4	0
10427	7	88	3	11.61008982	77	8	3	0
10428	7	88	4	13.60637482	77	8	4	1
10429	7	88	5	6.020011459	68	7	3	1
10430	7	88	6	11.21825429	66	3	0	2
10431	7	88	7	8.421075967	66	11.5	4	0
10432	7	88	1	5.634651111	71	8.5	5	2
10433	7	88	2	10.49696092	77	13	3	1
10434	7	88	3	7.88810485	78	8	4	5
10435	7	88	4	5.855059022	66	4	7	1
10436	7	88	5	9.692913815	64	7.5	5	3
10437	7	88	6	5.789635205	69	7	3	1
10438	7	88	7	3.817592549	68	4	1	3
10439	7	88	1	7.259834639	62	3	6	0
10440	8	88	2	6.112241489	64	6.5	0	1
10441	8	88	3	10.70417419	67	13	4	1
10442	8	88	4	10.46225745	74	14	1	1
10443	8	88	5	12.69348719	74	10.5	2	1
10444	8	88	6	7.389831944	63	4	1	1
10445	8	88	7	4.533592989	62	5.5	1	0
10446	8	88	1	5.481259382	64	12.5	5	1
10447	8	88	2	8.277719746	68	10	8	0
10448	8	88	3	18.36466243	66	11	3	0
10449	8	88	4	8.529571014	68	7	2	1
10450	8	88	5	13.19479138	63	10	2	0
10451	8	88	6	12.66882037	64	6	2	2
10452	8	88	7	6.019623463	64	9.5	2	0
10453	8	88	1	7.52182221	62	5.5	3	1
10454	8	88	2	6.264463227	59	3	2	0
10455	8	88	3	5.077476455	62	1	2	0
10456	8	88	4	5.729648473	63	4	4	2
10457	8	88	5	6.537614868	64	8.5	5	2
10458	8	88	6	8.197511918	64	8.5	0	1
10459	8	88	7	9.592596874	59	8.5	3	2
10460	8	88	1	10.83465122	64	9.5	4	2
10461	8	88	2	9.018921718	69	9	4	1
10462	8	88	3	17.22479186	76	8	3	1
10463	8	88	4	10.12118382	66	6.5	2	1
10464	8	88	5	6.886989231	64	8	5	0
10465	8	88	6	13.24159538	66	11	4	2
10466	8	88	7	17.49523182	69	14	2	1
10467	8	88	1	19.44020597	73	14	3	0
10468	8	88	2	6.198254262	64	4.5	1	1
10469	8	88	3	4.152488899	64	6.5	1	2
10470	8	88	4	8.922843647	64	10.5	4	0
10471	9	88	5	9.845919427	70	9.5	7	2
10472	9	88	6	19.51581449	79	14.5	3	0
10473	9	88	7	19.60333929	74	12	2	0
10474	9	88	1	16.52954648	66	13	5	1
10475	9	88	2	19.2214011	58	13.5	3	0
10476	9	88	3	9.264230228	62	0.5	3	1
10477	9	88	4	4.055204357	64	9	2	1
10478	9	88	5	8.380264337	63	7.5	2	1
10479	9	88	6	4.204913642	59	8.5	5	0
10480	9	88	7	4.606209802	57	11	1	0
10481	9	88	1	5.857824958	60	12.5	2	0
10482	9	88	2	7.931191521	65	12.5	3	0
10483	9	88	3	15.12747395	70	17	8	0
10484	9	88	4	14.80886732	67	9.5	4	1
10485	9	88	5	16.4572716	56	12.5	6	0
10486	9	88	6	6.042137322	58	2.5	7	1
10487	9	88	7	7.514676873	56	14	5	2
10488	9	88	1	9.033564341	51	NA	7	1
10489	9	88	2	4.962224358	58	NA	8	2
10490	9	88	3	13.56130158	59	13.3	5	1
10491	9	88	4	24.88742272	57	15.5	1	1
10492	9	88	5	25.32055062	53	10	4	1
10493	9	88	6	12.21407103	56	3.5	9	0
10494	9	88	7	20.29637203	48	20	5	1
10495	9	88	1	9.207398492	55	12	8	1
10496	9	88	2	10.15009209	58	6.5	6	0
10497	9	88	3	4.407491469	58	3.5	4	0
10498	9	88	4	15.04906621	61	12.5	8	0
10499	9	88	5	23.09509059	62	17	9	1
10500	9	88	6	22.16020909	64	9.5	4	1
10501	10	88	7	14.2275236	66	9.5	11	2
10502	10	88	1	45.42315226	62	12.5	4	1
10503	10	88	2	80.6553546	55	18.5	9	1
10504	10	88	3	46.50474112	61	15	6	0
10505	10	88	4	18.7756757	57	19	5	0
10506	10	88	5	41.2235642	59	10.5	2	0
10507	10	88	6	45.86743048	56	8.5	5	1
10508	10	88	7	48.05142746	56	8.5	6	0
10509	10	88	1	32.56290417	60	12.5	3	1
10510	10	88	2	41.06006048	61	14.5	3	1
10511	10	88	3	19.40562484	57	12.5	10	1
10512	10	88	4	35.05229428	58	18.5	6	0
10513	10	88	5	32.93229928	58	14.5	6	2
10514	10	88	6	10.39798948	57	1.5	3	1
10515	10	88	7	5.555218503	59	0	5	0
10516	10	88	1	10.31877989	54	11	5	1
10517	10	88	2	25.12613165	51	11	7	0
10518	10	88	3	39.34664059	50	17.5	10	1
10519	10	88	4	18.72413228	59	17.5	9	1
10520	10	88	5	26.79270318	59	14	6	2
10521	10	88	6	24.0707127	56	5	3	0
10522	10	88	7	10.49433828	51	19.5	3	2
10523	10	88	1	31.47370388	51	22	3	0
10524	10	88	2	29.25872327	54	14.5	5	0
10525	10	88	3	47.05880475	52	19	11	1
10526	10	88	4	26.6098157	49	11.5	9	1
10527	10	88	5	20.92780202	45	7	3	0
10528	10	88	6	51.42940973	47	21.5	1	0
10529	10	88	7	26.73801636	53	7	3	1
10530	10	88	1	20.52521441	54	10.5	4	2
10531	10	88	2	32.70753811	58	12.5	7	0
10532	11	88	3	15.75151485	54	4	3	0
10533	11	88	4	9.169263039	52	3	2	1
10534	11	88	5	8.253771623	50	0	3	2
10535	11	88	6	10.65690604	50	6	7	0
10536	11	88	7	4.719837506	55	2	4	2
10537	11	88	1	5.992032948	47	1.5	4	2
10538	11	88	2	32.2531	46	23	9	0
10539	11	88	3	14.49878074	47	4.5	10	1
10540	11	88	4	17.55666911	46	10.5	6	1
10541	11	88	5	6.353697031	46	3	4	1
10542	11	88	6	8.103455039	46	8.5	7	0
10543	11	88	7	5.673468954	45	3.5	3	1
10544	11	88	1	15.75727331	46	8	5	1
10545	11	88	2	23.85417729	43	9	7	0
10546	11	88	3	16.43405155	46	19.5	8	2
10547	11	88	4	11.98807983	46	16.5	9	2
10548	11	88	5	24.87426245	41	16.5	7	2
10549	11	88	6	18.1100745	42	5	5	0
10550	11	88	7	8.330168853	45	6	6	1
10551	11	88	1	7.069712774	49	2.5	6	1
10552	11	88	2	8.184386922	47	3	5	0
10553	11	88	3	6.841003769	47	0	3	0
10554	11	88	4	8.309195613	43	2	5	0
10555	11	88	5	9.02524144	39	13	0	0
10556	11	88	6	5.711960749	41	5	12	1
10557	11	88	7	16.64332893	40	12.5	7	2
10558	11	88	1	9.40916577	44	5	7	0
10559	11	88	2	10.52099033	42	3	5	0
10560	11	88	3	18.85209965	44	9	6	0
10561	11	88	4	77.26139221	38	19.5	3	1
10562	12	88	5	95.90272479	43	14.2	4	1
10563	12	88	6	27.71455526	44	14.5	2	1
10564	12	88	7	53.28567715	44	21.5	3	3
10565	12	88	1	70.16520622	44	13.5	4	1
10566	12	88	2	32.69624451	48	13.5	5	1
10567	12	88	3	8.463686534	51	1	5	0
10568	12	88	4	14.98150376	49	15	0	2
10569	12	88	5	29.77384798	46	14.5	3	1
10570	12	88	6	27.31236202	49	23	7	1
10571	12	88	7	29.34209587	46	19.5	6	1
10572	12	88	1	29.83916275	47	10.5	5	1
10573	12	88	2	9.671227741	53	5.5	8	1
10574	12	88	3	15.62670482	43	5	6	0
10575	12	88	4	17.20940394	39	8.5	10	0
10576	12	88	5	39.38532421	37	10.5	8	2
10577	12	88	6	54.78530591	40	20	5	2
10578	12	88	7	78.16670067	34	17.5	8	0
10579	12	88	1	37.81538746	38	8.5	6	1
10580	12	88	2	15.67370976	41	9	8	2
10581	12	88	3	12.83739822	40	0	7	0
10582	12	88	4	18.00763759	41	13	4	1
10583	12	88	5	9.399881597	40	6	3	0
10584	12	88	6	4.567426391	40	2	7	4
10585	12	88	7	8.904161663	39	8	7	0
10586	12	88	1	14.22328891	37	9	6	0
10587	12	88	2	32.59669461	34	3	9	1
10588	12	88	3	31.1888774	37	23	10	3
10589	12	88	4	39.62168874	33	10	4	1
10590	12	88	5	6.874938225	44	0	6	2
10591	12	88	6	5.622542546	45	1	15	1
10592	12	88	7	11.69310172	41	10	6	2
10593	1	89	1	22.99406767	42	4	7	1
10594	1	89	2	11.09752908	44	6	6	0
10595	1	89	3	5.305419054	49	1	9	1
10596	1	89	4	8.363090219	42	7	7	0
10597	1	89	5	18.83696371	37	13	1	1
10598	1	89	6	18.71187388	36	24	4	1
10599	1	89	7	51.22919634	33	22	5	1
10600	1	89	1	17.90000043	39	8	4	0
10601	1	89	2	12.27523221	43	8	6	2
10602	1	89	3	9.77319702	40	7	9	1
10603	1	89	4	11.86388049	40	7	9	1
10604	1	89	5	9.299568373	44	0	6	1
10605	1	89	6	4.984899174	39	0	2	0
10606	1	89	7	7.400098013	37	1	5	1
10607	1	89	1	3.878688861	43	2	6	2
10608	1	89	2	9.389431049	47	0	7	1
10609	1	89	3	15.7586335	46	0	4	1
10610	1	89	4	13.34341007	44	12	7	0
10611	1	89	5	74.46501108	41	21	3	1
10612	1	89	6	37.3517068	40	4	7	1
10613	1	89	7	14.75621273	41	12	5	0
10614	1	89	1	17.0847593	35	11	12	2
10615	1	89	2	53.59812331	32	15	13	1
10616	1	89	3	25.9480894	35	14	11	1
10617	1	89	4	27.21620625	43	23	10	0
10618	1	89	5	30.6279264	40	10.5	8	1
10619	1	89	6	17.53501608	44	14	6	1
10620	1	89	7	47.72293288	41	10.5	5	1
10621	1	89	1	12.76564986	47	1.5	7	0
10622	1	89	2	4.902787266	46	1	10	0
10623	1	89	3	5.341760026	36	2	3	2
10624	2	89	4	13.51323523	24	0	8	0
10625	2	89	5	6.862877114	15	3.5	7	0
10626	2	89	6	8.513295583	15	5.5	1	2
10627	2	89	7	20.27829243	19	11.5	4	2
10628	2	89	1	35.91502916	24	15.5	6	0
10629	2	89	2	42.66308279	29	15.5	8	2
10630	2	89	3	27.83062537	32	15	7	0
10631	2	89	4	13.26460856	39	9	4	1
10632	2	89	5	32.31388574	39	11	7	0
10633	2	89	6	48.92865686	39	15.5	3	0
10634	2	89	7	37.00412251	41	22	8	0
10635	2	89	1	57.81765461	38	20	8	0
10636	2	89	2	42.47948578	36	20	14	0
10637	2	89	3	61.1393579	35	19.5	7	1
10638	2	89	4	40.5631188	37	19	4	2
10639	2	89	5	24.15569501	38	16	8	0
10640	2	89	6	4.56968526	40	2.5	7	1
10641	2	89	7	5.498057563	44	5.5	6	1
10642	2	89	1	11.12288762	44	9	10	2
10643	2	89	2	23.3214367	46	14	9	1
10644	2	89	3	34.54487839	45	17	11	1
10645	2	89	4	4.92807891	47	2	12	0
10646	2	89	5	13.20081863	44	10.5	3	1
10647	2	89	6	27.13581418	41	21.5	8	0
10648	2	89	7	17.97422371	42	19.5	7	0
10649	2	89	1	38.73413296	38	19.5	5	0
10650	2	89	2	20.47673032	39	2	10	0
10651	2	89	3	7.651482925	43	5	10	0
10652	3	89	4	8.931633879	33	2	5	1
10653	3	89	5	14.9633591	28	7	9	1
10654	3	89	6	40.31648959	29	9	3	0
10655	3	89	7	20.5577205	36	11	3	1
10656	3	89	1	16.69427802	43	6	6	0
10657	3	89	2	5.572724372	42	1	4	1
10658	3	89	3	11.32947906	42	11	9	1
10659	3	89	4	19.14331941	48	14.5	13	1
10660	3	89	5	18.60401443	49	13	10	1
10661	3	89	6	12.00080222	52	8	5	0
10662	3	89	7	6.559253714	52	2	4	0
10663	3	89	1	9.280433861	46	10	4	0
10664	3	89	2	8.267684169	44	0.5	8	1
10665	3	89	3	7.26816282	44	6	5	0
10666	3	89	4	20.9432977	42	16	9	0
10667	3	89	5	15.03201673	43	5	9	0
10668	3	89	6	12.34128882	45	12.5	7	0
10669	3	89	7	6.590087069	46	3	8	0
10670	3	89	1	11.95808925	46	17.5	3	0
10671	3	89	2	28.54858615	47	19	7	0
10672	3	89	3	8.139650206	45	0.5	10	0
10673	3	89	4	5.331694217	44	4	6	0
10674	3	89	5	16.56983521	46	6.5	8	0
10675	3	89	6	23.59989857	46	15	6	0
10676	3	89	7	7.867300672	47	5.5	4	1
10677	3	89	1	4.874380821	47	4.5	8	1
10678	3	89	2	4.409461482	46	0.5	6	0
10679	3	89	3	4.354891064	46	3	5	1
10680	3	89	4	7.764024425	46	4	5	1
10681	3	89	5	17.76635867	45	11.5	7	0
10682	3	89	6	9.738200877	46	0.5	8	0
10683	4	89	7	6.571400551	45	2	4	1
10684	4	89	1	4.34788217	42	0.5	7	1
10685	4	89	2	8.004852037	46	0	10	2
10686	4	89	3	7.788271236	46	5	10	1
10687	4	89	4	5.482322931	51	8.5	11	0
10688	4	89	5	11.33046296	52	2	9	1
10689	4	89	6	5.647208363	52	5	1	1
10690	4	89	7	10.9926599	49	NA	6	0
10691	4	89	1	7.889985173	56	NA	12	1
10692	4	89	2	6.358302074	60	NA	4	2
10693	4	89	3	21.0079178	55	11	9	2
10694	4	89	4	15.9717707	55	12	13	2
10695	4	89	5	17.00230357	58	12.5	7	1
10696	4	89	6	26.71777647	60	11	8	2
10697	4	89	7	4.576343978	50	3.5	11	0
10698	4	89	1	8.76311292	48	9	5	0
10699	4	89	2	17.09987402	53	15.5	7	0
10700	4	89	3	15.83369887	56	9.5	11	1
10701	4	89	4	7.977392862	60	8	8	0
10702	4	89	5	11.15244856	54	7	5	0
10703	4	89	6	10.42978181	52	4.5	10	1
10704	4	89	7	6.13990605	51	7	10	0
10705	4	89	1	11.32177983	52	9	5	1
10706	4	89	2	8.674847167	54	6.5	6	0
10707	4	89	3	9.281368976	56	6.5	6	0
10708	4	89	4	8.39481059	55	0.5	4	0
10709	4	89	5	9.100038307	54	9.5	7	0
10710	4	89	6	10.2259975	59	11	7	0
10711	4	89	7	5.278784514	64	5	10	1
10712	4	89	1	7.972620554	65	NA	4	0
10713	5	89	2	5.474788527	56	3.3	11	2
10714	5	89	3	9.780927212	57	9.5	6	0
10715	5	89	4	15.48184305	59	NA	2	0
10716	5	89	5	9.952460533	63	13.6	5	0
10717	5	89	6	24.31046374	67	NA	5	0
10718	5	89	7	20.50489207	65	NA	2	1
10719	5	89	1	8.68360036	64	NA	6	0
10720	5	89	2	14.36555577	58	NA	6	3
10721	5	89	3	9.477957497	54	NA	8	1
10722	5	89	4	5.00355165	52	NA	3	1
10723	5	89	5	4.30908679	50	3.1	5	1
10724	5	89	6	7.632319909	55	8.5	1	0
10725	5	89	7	8.168790794	55	8.5	4	0
10726	5	89	1	6.96840902	61	8	3	0
10727	5	89	2	11.38711589	63	11.5	13	0
10728	5	89	3	4.906013336	59	1.5	7	0
10729	5	89	4	4.38196297	48	0	4	0
10730	5	89	5	4.902946679	50	1	3	0
10731	5	89	6	5.760222067	53	5	7	0
10732	5	89	7	4.38070619	56	5	3	2
10733	5	89	1	6.665599226	52	7	5	1
10734	5	89	2	7.687176604	55	13	4	3
10735	5	89	3	5.296584009	52	0.5	7	2
10736	5	89	4	4.880556197	54	2	6	0
10737	5	89	5	4.806011617	54	2.5	10	1
10738	5	89	6	6.613703406	53	2.5	6	0
10739	5	89	7	5.368854778	53	10	4	2
10740	5	89	1	8.327970565	50	22.5	4	2
10741	5	89	2	10.65914354	56	16	5	0
10742	5	89	3	13.14225008	58	17	8	1
10743	5	89	4	15.22550318	62	12.5	5	0
10744	6	89	5	15.48371895	66	13	7	0
10745	6	89	6	15.10147438	67	12	7	0
10746	6	89	7	15.27201931	72	10	3	0
10747	6	89	1	14.61609314	74	12	0	1
10748	6	89	2	17.98126369	69	8	6	1
10749	6	89	3	13.44921907	62	1	4	0
10750	6	89	4	15.46818558	62	11	9	1
10751	6	89	5	14.95666421	60	4	7	0
10752	6	89	6	11.51843186	57	3	4	1
10753	6	89	7	15.0389546	61	9.5	1	0
10754	6	89	1	16.24876208	68	8.5	5	4
10755	6	89	2	10.19334568	62	4	6	3
10756	6	89	3	8.559527651	65	5	5	1
10757	6	89	4	5.674032162	62	7	4	1
10758	6	89	5	4.554781439	59	6.5	2	0
10759	6	89	6	4.554781439	60	4	5	1
10760	6	89	7	7.486930323	58	8	9	0
10761	6	89	1	4.2	60	8	6	1
10762	6	89	2	3.451878842	57	1.5	1	1
10763	6	89	3	5.356782903	59	8	5	0
10764	6	89	4	6.571182754	59	7	5	1
10765	6	89	5	5.356782903	65	1.5	5	1
10766	6	89	6	6.010070141	71	10	5	0
10767	6	89	7	10.52429238	75	13	4	3
10768	6	89	1	9.60340609	70	6.5	4	0
10769	6	89	2	7.068317416	62	1	7	0
10770	6	89	3	6.3	60	7	6	0
10771	6	89	4	9.879063789	60	16	3	0
10772	6	89	5	17.52567358	60	19.9	0	1
10773	6	89	6	5.230519687	62	4	2	0
10774	7	89	7	2.891378925	58	4.5	5	1
10775	7	89	1	5.651498893	61	13.5	7	2
10776	7	89	2	8.008765596	61	10	4	3
10777	7	89	3	10.66313172	60	11	4	0
10778	7	89	4	8.540640627	63	9	5	1
10779	7	89	5	5.1580512	67	4.5	3	0
10780	7	89	6	7.128774061	64	8	3	1
10781	7	89	7	4.2	62	5	4	0
10782	7	89	1	4.939531895	64	7	4	0
10783	7	89	2	9.184241421	63	5.5	8	2
10784	7	89	3	11.58972916	67	6.5	2	0
10785	7	89	4	11.7517384	71	8	4	1
10786	7	89	5	10.32993984	65	5.5	6	0
10787	7	89	6	8.185925666	67	14	4	1
10788	7	89	7	4.2	63	0	4	0
10789	7	89	1	3.18300479	61	6.5	2	0
10790	7	89	2	4.939531895	67	7.5	2	1
10791	7	89	3	6.010070141	71	10.5	1	2
10792	7	89	4	5.356782903	69	4.5	6	0
10793	7	89	5	5.356782903	63	9	0	0
10794	7	89	6	6.010070141	65	3.5	7	0
10795	7	89	7	5.809279842	67	6	4	1
10796	7	89	1	5.356782903	65	10.5	3	0
10797	7	89	2	7.486930323	65	10	2	0
10798	7	89	3	10.71356581	70	11	3	0
10799	7	89	4	9.184241421	64	6	8	1
10800	7	89	5	4.554781439	65	5	4	0
10801	7	89	6	6.960353436	65	10.5	6	0
10802	7	89	7	6.960353436	65	9	1	1
10803	7	89	1	3.743465162	66	4	4	0
10804	7	89	2	6.571182754	62	7.5	2	0
10805	8	89	3	5.674032162	62	6.5	2	1
10806	8	89	4	4.554781439	61	3.5	3	0
10807	8	89	5	6.366009579	66	13.5	2	1
10808	8	89	6	9.207088075	68	4	1	0
10809	8	89	7	6.571182754	69	7	1	0
10810	8	89	1	6.010070141	73	5	2	1
10811	8	89	2	5.541933225	73	8	2	0
10812	8	89	3	7.486930323	69	15	4	0
10813	8	89	4	7.068317416	64	3.5	5	1
10814	8	89	5	8.4	64	10	3	1
10815	8	89	6	5.674032162	64	14.5	3	1
10816	8	89	7	7.068317416	66	14.5	1	1
10817	8	89	1	3.18300479	67	5	4	0
10818	8	89	2	6.3	65	9	8	1
10819	8	89	3	7.486930323	64	6	1	0
10820	8	89	4	10.71356581	62	9	1	1
10821	8	89	5	13.82097301	66	13	6	1
10822	8	89	6	12.84890507	69	12	5	0
10823	8	89	7	11.29436445	64	2	1	0
10824	8	89	1	5.809279842	67	4	5	0
10825	8	89	2	4.2	67	1	6	0
10826	8	89	3	6.3	63	9	7	0
10827	8	89	4	8.4	64	10	4	2
10828	8	89	5	11.29436445	61	10	2	0
10829	8	89	6	16.8	65	15	3	1
10830	8	89	7	14.81859568	67	13	2	2
10831	8	89	1	13.40137195	66	13	1	2
10832	8	89	2	19.71354826	64	17	4	3
10833	8	89	3	21.3851173	67	8	1	1
10834	8	89	4	10.04170125	62	1	4	0
10835	8	89	5	7.486930323	62	8	3	1
10836	9	89	6	10.32993984	61	9	2	1
10837	9	89	7	8.185925666	64	5	6	0
10838	9	89	1	9.184241421	62	9.5	3	0
10839	9	89	2	8.4	64	9	7	0
10840	9	89	3	8.4	62	9.5	9	0
10841	9	89	4	9.184241421	66	5.6	2	3
10842	9	89	5	13.3462204	67	12	3	0
10843	9	89	6	12.0805694	70	8.5	7	0
10844	9	89	7	7.828630474	73	6.5	4	0
10845	9	89	1	13.40137195	66	9	7	1
10846	9	89	2	14.5792572	68	12	7	0
10847	9	89	3	23.33468679	68	11.5	7	1
10848	9	89	4	32.24098387	69	9	3	3
10849	9	89	5	26.69643008	69	11.5	3	1
10850	9	89	6	16.25455643	64	10.5	4	2
10851	9	89	7	13.14236551	57	5	6	2
10852	9	89	1	7.068317416	59	5	9	2
10853	9	89	2	10.32993984	59	10.5	8	0
10854	9	89	3	11.71380653	58	9.8	7	0
10855	9	89	4	15.03573821	63	8	4	1
10856	9	89	5	14.5792572	67	5.5	2	0
10857	9	89	6	18.73048429	72	5	5	2
10858	9	89	7	20.91574665	68	10	4	0
10859	9	89	1	18.36848284	68	10	3	0
10860	9	89	2	19.25459091	57	5.3	14	1
10861	9	89	3	20.69419861	60	16.3	9	0
10862	9	89	4	27.70764303	62	10	3	0
10863	9	89	5	26.43977801	64	6.3	4	0
10864	9	89	6	22.07330346	61	5.7	9	0
10865	9	89	7	7.068317416	60	3	8	0
10866	10	89	1	7.068317416	60	4.5	6	0
10867	10	89	2	11.48837255	58	6.7	6	1
10868	10	89	3	18.03021042	56	6.7	6	1
10869	10	89	4	17.61044339	52	6.7	7	1
10870	10	89	5	21.77988308	59	11	4	0
10871	10	89	6	37.63872107	56	11.5	6	0
10872	10	89	7	50.17635736	54	15.9	4	0
10873	10	89	1	54.55020512	59	15.7	12	3
10874	10	89	2	43.51890902	59	13.7	5	0
10875	10	89	3	16.55985299	55	5.7	5	1
10876	10	89	4	8.559527651	56	0	0	1
10877	10	89	5	14.97386065	55	0.3	4	0
10878	10	89	6	14.13663483	57	6.3	7	1
10879	10	89	7	11.99301981	52	8	6	0
10880	10	89	1	22.06283356	48	11.7	5	0
10881	10	89	2	39.5783532	50	15.3	17	1
10882	10	89	3	27.84141375	60	9.2	9	0
10883	10	89	4	20.65987968	55	3.3	6	0
10884	10	89	5	31.23336962	52	14.3	9	1
10885	10	89	6	24.73076426	55	2	5	0
10886	10	89	7	7.068317416	53	1	2	2
10887	10	89	1	9.184241421	55	5	9	1
10888	10	89	2	5.932992451	54	7	4	2
10889	10	89	3	15.03573821	53	12.5	9	2
10890	10	89	4	15.92621238	53	2	9	1
10891	10	89	5	8.4	47	6	3	0
10892	10	89	6	18.97959179	48	14	7	1
10893	10	89	7	37.31122204	48	14.2	4	0
10894	10	89	1	42.41066101	44	14.5	2	1
10895	10	89	2	50.35392335	42	11	9	0
10896	10	89	3	21.44801579	48	5	6	0
10897	11	89	4	37.19194297	47	14	9	0
10898	11	89	5	63.9354524	42	14.7	7	0
10899	11	89	6	17.20044909	52	0.7	3	1
10900	11	89	7	6.059339605	53	5	6	1
10901	11	89	1	7.1262622	51	5.3	12	2
10902	11	89	2	3.899534258	49	0.3	7	2
10903	11	89	3	9.184241421	47	0.3	9	1
10904	11	89	4	4.2	53	0	6	2
10905	11	89	5	2.412266545	58	0	8	0
10906	11	89	6	7.406849992	53	7	5	1
10907	11	89	7	12.26214461	46	12.5	2	2
10908	11	89	1	16.42583993	44	9	7	1
10909	11	89	2	8.324469479	45	0.5	7	0
10910	11	89	3	23.74513961	45	8.5	9	0
10911	11	89	4	28.04156187	44	15.5	9	0
10912	11	89	5	38.16456852	47	15.3	5	2
10913	11	89	6	22.977214	47	12.7	8	0
10914	11	89	7	27.19733727	49	15	9	1
10915	11	89	1	28.14781116	49	7.7	4	2
10916	11	89	2	29.4	51	6.3	7	0
10917	11	89	3	13.03550282	46	4.7	5	0
10918	11	89	4	33.41876586	44	6.7	6	0
10919	11	89	5	13.74332218	46	2	8	2
10920	11	89	6	4.939531895	43	0	6	0
10921	11	89	7	13.08937037	44	11.3	11	0
10922	11	89	1	15.09661364	44	5	7	2
10923	11	89	2	28.99469215	45	11.3	6	0
10924	11	89	3	41.35690541	42	10.3	2	0
10925	11	89	4	56.03124287	46	20	8	0
10926	11	89	5	59.31548845	44	19.7	8	1
10927	12	89	6	37.93512557	46	14.7	4	0
10928	12	89	7	23.10978021	47	10	5	0
10929	12	89	1	6.685316061	52	0.7	9	0
10930	12	89	2	3.62178705	54	0	11	1
10931	12	89	3	12.24342641	52	5	6	3
10932	12	89	4	18.88441878	49	11	10	0
10933	12	89	5	22.5887289	47	9.7	8	1
10934	12	89	6	4.939531895	48	1.7	8	0
10935	12	89	7	9.403159347	45	7	8	0
10936	12	89	1	25.11744994	40	15.7	5	0
10937	12	89	2	48.39568816	37	16.7	7	0
10938	12	89	3	41.15275013	37	14	12	0
10939	12	89	4	19.55414822	39	12.4	11	2
10940	12	89	5	35.07367192	37	18.6	8	1
10941	12	89	6	24.7652564	37	12.7	10	0
10942	12	89	7	21.36116185	37	10.7	9	0
10943	12	89	1	16.43950592	37	15.7	10	1
10944	12	89	2	23.02344619	37	6.3	13	1
10945	12	89	3	14.13663483	42	1.3	6	1
10946	12	89	4	19.23744521	47	11	13	0
10947	12	89	5	46.5140644	46	18.7	5	0
10948	12	89	6	47.104727	42	8.7	7	0
10949	12	89	7	22.97674511	48	14	8	1
10950	12	89	1	19.47569571	47	14	10	0
10951	12	89	2	29.19314457	42	14.3	6	2
10952	12	89	3	33.52418993	37	11	10	1
10953	12	89	4	35.76884306	36	15	5	2
10954	12	89	5	39.28693232	42	18.7	9	3
10955	12	89	6	30.91292076	42	6.3	13	1
10956	12	89	7	24.4385866	45	19.3	8	0
10957	12	89	1	12.6	44	0	8	0
10958	1	90	2	6.984027436	40	1.7	11	2
10959	1	90	3	21.38230458	39	5.7	12	0
10960	1	90	4	6.991698253	43	0.3	5	2
10961	1	90	5	6.4742479	47	2.3	11	0
10962	1	90	6	7.24834164	50	1	10	1
10963	1	90	7	5.625818876	48	0	4	1
10964	1	90	1	6.037173408	48	1.3	10	0
10965	1	90	2	8.659297707	46	2.7	9	2
10966	1	90	3	4.960897441	48	1	8	2
10967	1	90	4	16.25258455	40	5	12	1
10968	1	90	5	14.5619503	43	3.7	7	1
10969	1	90	6	41.74901103	45	10.1	8	1
10970	1	90	7	30.80902564	47	12.3	9	2
10971	1	90	1	13.47538432	46	6.7	7	0
10972	1	90	2	15.74438436	44	7.7	11	0
10973	1	90	3	18.64999723	44	8	10	0
10974	1	90	4	32.75693345	42	8	12	0
10975	1	90	5	59.61168961	37	8.3	5	1
10976	1	90	6	59.4666869	38	10.3	10	0
10977	1	90	7	53.55937401	41	10.7	9	1
10978	1	90	1	34.63048178	43	8.1	6	2
10979	1	90	2	5.025361488	43	0	9	0
10980	1	90	3	9.515123216	43	0.3	9	2
10981	1	90	4	9.114179449	42	0.3	4	1
10982	1	90	5	8.54282132	42	0	6	2
10983	1	90	6	9.079529014	36	0	12	0
10984	1	90	7	4.303135299	43	0	7	0
10985	1	90	1	3.250911286	43	0	10	0
10986	1	90	2	6.408217781	40	0	7	0
10987	1	90	3	9.428224326	38	4.8	7	1
10988	1	90	4	7.260382141	37	2	6	0
10989	2	90	5	3.855727232	41	0	9	0
10990	2	90	6	5.060827156	45	0	6	1
10991	2	90	7	6.971454535	44	1.7	12	0
10992	2	90	1	4.70288152	39	0	12	1
10993	2	90	2	3.019574296	39	0	5	1
10994	2	90	3	4.922343865	37	0.3	8	0
10995	2	90	4	6.425905939	36	0.3	9	1
10996	2	90	5	12.30538834	39	5	3	0
10997	2	90	6	2.68922822	46	0	6	2
10998	2	90	7	1.87685547	50	0	9	0
10999	2	90	1	4.897559791	41	0.5	7	0
11000	2	90	2	12.56020345	34	3	7	0
11001	2	90	3	17.60900702	31	6.3	9	0
11002	2	90	4	22.00358589	28	0.7	4	0
11003	2	90	5	7.065812279	35	0	4	0
11004	2	90	6	13.3271476	34	4.5	4	1
11005	2	90	7	22.99533087	28	2.5	3	1
11006	2	90	1	64.75565789	29	14.3	6	2
11007	2	90	2	53.96271205	33	4	7	0
11008	2	90	3	15.72513445	40	5.7	9	1
11009	2	90	4	15.02336784	44	5.3	4	1
11010	2	90	5	25.7359924	45	4.3	9	0
11011	2	90	6	38.74931878	43	5	4	2
11012	2	90	7	26.88927821	49	9.7	7	2
11013	2	90	1	18.03907032	46	1.3	6	1
11014	2	90	2	21.22298727	46	4	6	1
11015	2	90	3	19.53160879	51	4.3	9	0
11016	2	90	4	24.21655484	51	9.7	4	3
11017	3	90	5	31.89451585	47	8.7	9	0
11018	3	90	6	34.35608828	50	8.7	10	0
11019	3	90	7	25.31965335	49	5	9	2
11020	3	90	1	14.0440714	50	8.7	5	0
11021	3	90	2	13.87144392	50	8	6	2
11022	3	90	3	8.93412707	46	4.7	5	1
11023	3	90	4	6.211423512	43	0	9	0
11024	3	90	5	6.005114686	37	0	8	0
11025	3	90	6	7.996945372	43	0.7	4	0
11026	3	90	7	5.394931478	41	0.7	5	0
11027	3	90	1	17.2300501	41	6.7	9	0
11028	3	90	2	32.37872952	42	6.3	7	1
11029	3	90	3	17.77753055	42	2.3	6	2
11030	3	90	4	8.013805282	46	3.7	7	0
11031	3	90	5	17.80730797	48	9	5	0
11032	3	90	6	18.73288586	51	4.3	9	0
11033	3	90	7	19.04493154	53	7.3	9	1
11034	3	90	1	12.90128164	52	5.3	10	1
11035	3	90	2	15.16057794	52	5.3	7	2
11036	3	90	3	8.05334473	52	3.7	5	0
11037	3	90	4	14.29635291	50	5.4	4	0
11038	3	90	5	14.86109544	45	4.3	9	1
11039	3	90	6	11.47233332	44	1	6	0
11040	3	90	7	12.12352523	47	1.3	3	1
11041	3	90	1	14.22389217	51	4.3	6	1
11042	3	90	2	22.69502638	48	6.3	7	2
11043	3	90	3	22.45173947	49	6.3	3	1
11044	3	90	4	21.08207924	52	7.7	9	1
11045	3	90	5	28.24910409	50	7.3	5	0
11046	3	90	6	46.1380901	45	7	3	0
11047	3	90	7	62.66382359	52	10.7	8	0
11048	4	90	1	45.44844419	51	8.8	3	2
11049	4	90	2	17.64595443	53	10	9	0
11050	4	90	3	13.49681043	52	4.7	5	1
11051	4	90	4	18.33407764	54	6.3	10	1
11052	4	90	5	18.83714956	53	8.7	7	0
11053	4	90	6	25.73532653	53	6	7	2
11054	4	90	7	27.07179294	49	3	9	1
11055	4	90	1	12.05596307	48	0.3	6	2
11056	4	90	2	23.26443014	49	6.3	7	0
11057	4	90	3	19.61419222	56	4.3	6	3
11058	4	90	4	10.1141593	56	0.3	9	3
11059	4	90	5	7.872288037	52	6.3	6	0
11060	4	90	6	16.87826161	51	13	7	2
11061	4	90	7	16.96727378	57	4.7	8	0
11062	4	90	1	14.11242553	60	6.7	2	2
11063	4	90	2	10.50651032	64	6	6	0
11064	4	90	3	9.318048876	52	4	8	1
11065	4	90	4	6.971454535	53	3.3	6	0
11066	4	90	5	14.5661414	53	8	5	1
11067	4	90	6	9.01973222	53	5.3	7	1
11068	4	90	7	5.16860095	54	1	9	2
11069	4	90	1	5.489052126	52	2.1	4	1
11070	4	90	2	4.911779959	49	0.7	4	4
11071	4	90	3	4.539024849	51	0	5	0
11072	4	90	4	4.258515801	50	0	8	1
11073	4	90	5	5.549758559	47	0	9	1
11074	4	90	6	6.195959988	44	4.3	6	0
11075	4	90	7	5.868091806	50	0.7	3	2
11076	4	90	1	10.35102856	52	4	5	1
11077	4	90	2	12.53984933	53	4.3	4	1
11078	5	90	3	16.74991181	53	6.3	5	1
11079	5	90	4	11.97795884	56	9.3	5	0
11080	5	90	5	18.37829003	60	7	4	2
11081	5	90	6	16.69763776	63	7	4	0
11082	5	90	7	15.23890557	61	3.7	7	2
11083	5	90	1	3.695160447	49	0	9	0
11084	5	90	2	5.738971882	49	1.7	3	2
11085	5	90	3	10.84297051	51	2.3	6	1
11086	5	90	4	9.214657349	58	5.3	6	0
11087	5	90	5	10.38397966	54	2.7	5	3
11088	5	90	6	6.238743501	55	0.7	5	0
11089	5	90	7	3.57	55	1.3	4	1
11090	5	90	1	4.761500783	51	3	2	0
11091	5	90	2	8.387110604	50	3.3	5	0
11092	5	90	3	8.478125925	50	3.7	6	0
11093	5	90	4	12.58461935	55	7.7	6	0
11094	5	90	5	11.06916819	54	2.7	6	0
11095	5	90	6	3.335570338	53	1.7	3	0
11096	5	90	7	6.488013038	56	2	9	1
11097	5	90	1	4.236625113	54	1.3	3	0
11098	5	90	2	4.68480241	57	4	8	1
11099	5	90	3	6.160846886	56	3	5	1
11100	5	90	4	8.41138658	51	4.7	4	1
11101	5	90	5	3.189199546	52	0	9	3
11102	5	90	6	5.842933452	56	2.7	5	0
11103	5	90	7	11.41907078	56	11.3	6	0
11104	5	90	1	13.74989026	58	10.7	6	2
11105	5	90	2	12.19897856	61	6.7	5	0
11106	5	90	3	4.813158819	57	1.3	6	0
11107	5	90	4	6.09	60	4	7	1
11108	5	90	5	4.167277985	52	0	6	2
11109	6	90	6	6.374231303	53	0.3	4	1
11110	6	90	7	8.199044698	59	5.3	1	0
11111	6	90	1	5.43632283	55	2.3	3	0
11112	6	90	2	5.043855263	55	1.3	6	1
11113	6	90	3	8.054958015	58	10.3	2	0
11114	6	90	4	6.744388134	57	3	7	1
11115	6	90	5	4.167277985	57	2	1	1
11116	6	90	6	4.889460144	59	4.3	1	0
11117	6	90	7	6.334343516	54	7	5	0
11118	6	90	1	2.98742471	52	0.7	9	0
11119	6	90	2	3.86525934	57	1	2	0
11120	6	90	3	5.102419023	56	3.4	6	1
11121	6	90	4	7.869694635	59	4.3	6	2
11122	6	90	5	9.992351447	64	6.1	7	0
11123	6	90	6	12.30161155	61	4	5	0
11124	6	90	7	3.611045269	57	2	2	1
11125	6	90	1	7.442118933	61	7.3	5	1
11126	6	90	2	11.28743114	62	4	7	1
11127	6	90	3	7.941007656	63	1	5	0
11128	6	90	4	5.829716462	67	1.3	4	0
11129	6	90	5	11.32818105	71	3.4	3	0
11130	6	90	6	13.59442745	64	6	7	2
11131	6	90	7	6.499147726	61	1	5	1
11132	6	90	1	6.426417301	61	2	4	1
11133	6	90	2	6.421514635	59	2	4	0
11134	6	90	3	6.793068358	61	6.3	7	1
11135	6	90	4	9.34942077	62	3.3	6	0
11136	6	90	5	5.48832419	65	2.7	6	1
11137	6	90	6	7.033109232	67	2.3	2	0
11138	6	90	7	3.303237969	65	1	4	1
11139	7	90	1	4.676335241	62	6	4	0
11140	7	90	2	4.567388926	57	3	2	1
11141	7	90	3	6.487250989	62	4.3	4	2
11142	7	90	4	15.91501758	68	4	10	0
11143	7	90	5	7.603062184	67	1.3	2	0
11144	7	90	6	3.621479889	64	2.3	5	0
11145	7	90	7	4.899505554	66	4.1	1	1
11146	7	90	1	6.643968308	69	4.3	5	0
11147	7	90	2	5.932848998	69	3	3	0
11148	7	90	3	8.305764762	72	4.7	3	1
11149	7	90	4	14.7593786	76	5.7	3	0
11150	7	90	5	16.53263223	77	3.3	5	2
11151	7	90	6	6.392024054	69	3.7	5	0
11152	7	90	7	6.850571131	71	6	3	2
11153	7	90	1	5.926658856	73	6.3	8	0
11154	7	90	2	5.828846853	66	1.7	1	3
11155	7	90	3	5.672044859	65	3.3	8	3
11156	7	90	4	5.177310183	69	4	2	1
11157	7	90	5	6.00536742	73	4.3	3	0
11158	7	90	6	8.495255002	75	6.3	2	0
11159	7	90	7	11.07025496	78	7.3	1	0
11160	7	90	1	11.32299277	73	5	4	1
11161	7	90	2	8.484913777	64	2	5	1
11162	7	90	3	6.677789227	61	4.4	2	0
11163	7	90	4	7.213492229	59	5	0	3
11164	7	90	5	5.370394773	62	2	8	0
11165	7	90	6	10.07551413	65	8.3	0	1
11166	7	90	7	13.35366637	69	5.7	3	1
11167	7	90	1	12.83611968	76	7.3	1	1
11168	7	90	2	10.71356581	73	3	2	0
11169	7	90	3	6.331828239	65	0.3	3	0
11170	8	90	4	5.962213889	63	2	1	0
11171	8	90	5	7.830577964	65	3.7	3	0
11172	8	90	6	6.605002979	72	4.3	3	0
11173	8	90	7	12.59512187	77	5.7	2	1
11174	8	90	1	11.70883315	73	3	3	1
11175	8	90	2	5.538480458	66	1	3	0
11176	8	90	3	4.716232212	70	3	6	0
11177	8	90	4	8.013285456	71	7.3	2	0
11178	8	90	5	8.964340598	71	8	1	1
11179	8	90	6	12.18941399	75	7	0	1
11180	8	90	7	13.59712569	79	6.3	3	2
11181	8	90	1	12.0617862	75	4	8	0
11182	8	90	2	3.004815671	67	1.7	0	1
11183	8	90	3	4.452872557	68	6	5	1
11184	8	90	4	4.059682294	66	0.7	5	0
11185	8	90	5	4.219503422	69	2.3	2	1
11186	8	90	6	6.763613015	68	7.7	3	0
11187	8	90	7	5.957237416	66	5.7	1	1
11188	8	90	1	7.838437505	64	8.7	4	2
11189	8	90	2	20.41603728	66	10.3	1	0
11190	8	90	3	6.524507241	63	1.7	5	1
11191	8	90	4	4.780831269	64	0.3	3	3
11192	8	90	5	8.878348241	60	5	2	1
11193	8	90	6	9.810904357	62	2.7	3	2
11194	8	90	7	5.760890784	62	2.3	1	0
11195	8	90	1	6.254387488	64	7.7	2	1
11196	8	90	2	9.557393353	64	10.5	2	1
11197	8	90	3	11.83664031	70	8	7	1
11198	8	90	4	11.30596056	62	1.1	2	1
11199	8	90	5	4.458161019	64	0	3	0
11200	8	90	6	5.135716591	66	1.7	4	1
11201	9	90	7	7.154908949	63	9.7	4	1
11202	9	90	1	6.456665995	65	3.7	6	1
11203	9	90	2	6.485330547	65	4.7	5	0
11204	9	90	3	8.775603466	69	6.3	8	2
11205	9	90	4	11.93039209	67	6	4	1
11206	9	90	5	20.51964705	66	9	2	0
11207	9	90	6	26.34370526	63	4.7	9	1
11208	9	90	7	15.39755252	65	9.3	3	0
11209	9	90	1	14.57797276	65	6	6	0
11210	9	90	2	24.96617541	65	6.7	6	2
11211	9	90	3	20.07583741	58	2.7	4	0
11212	9	90	4	7.454695513	61	4.7	4	1
11213	9	90	5	14.82168161	63	4.3	3	0
11214	9	90	6	14.11104725	66	1	5	1
11215	9	90	7	9.458257017	59	0.3	7	2
11216	9	90	1	7.164645037	64	5	14	1
11217	9	90	2	15.143033	64	9	15	0
11218	9	90	3	23.89758127	65	6.3	6	0
11219	9	90	4	16.08402818	63	9.7	1	1
11220	9	90	5	20.69455433	63	10	2	1
11221	9	90	6	18.1929334	68	5.3	8	0
11222	9	90	7	15.01110952	75	6.3	7	1
11223	9	90	1	21.07873033	62	4	8	2
11224	9	90	2	30.77127909	57	14	9	3
11225	9	90	3	34.86057526	63	9.6	6	0
11226	9	90	4	26.82282824	60	10.7	9	0
11227	9	90	5	24.89398041	65	5.3	9	0
11228	9	90	6	33.75229422	63	6.7	3	2
11229	9	90	7	24.32179913	60	7.7	7	0
11230	9	90	1	13.45170003	58	6.3	5	0
11231	10	90	2	11.70293093	57	0.7	4	0
11232	10	90	3	8.79193305	53	0.7	10	1
11233	10	90	4	5.511898792	55	0	8	1
11234	10	90	5	5.88	56	0.7	5	0
11235	10	90	6	10.24234786	53	2	7	2
11236	10	90	7	20.54714434	49	4	7	1
11237	10	90	1	26.41786603	49	4.3	8	0
11238	10	90	2	25.93170281	53	4.8	1	0
11239	10	90	3	18.91164484	52	2.7	6	1
11240	10	90	4	16.56534142	52	2	3	0
11241	10	90	5	20.09096576	46	2.3	5	2
11242	10	90	6	10.45825417	52	0.3	5	1
11243	10	90	7	7.834059488	54	2.3	6	0
11244	10	90	1	7.702987433	49	3	3	0
11245	10	90	2	8.256726449	50	8.3	6	0
11246	10	90	3	12.07544031	50	2.7	5	0
11247	10	90	4	17.32683136	48	1.3	5	2
11248	10	90	5	6.598970646	51	0.3	5	0
11249	10	90	6	17.21441499	48	5	5	1
11250	10	90	7	19.19814432	48	5.3	10	1
11251	10	90	1	10.71573368	50	3.3	2	0
11252	10	90	2	15.07903441	48	7	3	2
11253	10	90	3	27.93902532	51	9.5	6	0
11254	10	90	4	28.03460613	55	2	6	0
11255	10	90	5	13.05045803	57	0.3	4	1
11256	10	90	6	14.64404146	55	6.3	7	0
11257	10	90	7	16.70847681	56	3	5	0
11258	10	90	1	6.732544872	51	0.7	8	0
11259	10	90	2	12.06441984	50	3.7	3	0
11260	10	90	3	13.76977577	50	5	6	0
11261	10	90	4	9.884545214	47	5.7	7	1
11262	11	90	5	16.54712517	46	7.3	5	0
11263	11	90	6	28.39852334	43	13	5	0
11264	11	90	7	18.86492885	48	3.7	6	1
11265	11	90	1	6.735230594	51	2	6	1
11266	11	90	2	19.77992864	46	11.7	7	2
11267	11	90	3	27.1537411	44	4	8	1
11268	11	90	4	9.80912709	49	3	7	2
11269	11	90	5	6.266173088	52	1	8	0
11270	11	90	6	3.491286669	55	0	2	1
11271	11	90	7	3.432328109	57	0	2	1
11272	11	90	1	8.45980446	58	1.7	9	1
11273	11	90	2	18.50849463	50	2.3	8	2
11274	11	90	3	4.913009814	48	0	6	0
11275	11	90	4	6.216800349	46	0	8	0
11276	11	90	5	8.924733124	48	2	7	1
11277	11	90	6	17.87345533	46	4.3	2	2
11278	11	90	7	17.25451799	44	6.3	4	0
11279	11	90	1	32.13328874	37	8	2	0
11280	11	90	2	11.08111218	41	0	4	1
11281	11	90	3	7.984901029	42	2.7	7	2
11282	11	90	4	4.987401326	47	0.7	4	0
11283	11	90	5	2.511779881	51	0.3	2	0
11284	11	90	6	2.102814844	53	0	4	0
11285	11	90	7	2.678391451	51	4	4	1
11286	11	90	1	12.70859782	42	3.3	4	1
11287	11	90	2	15.32319713	39	6	8	0
11288	11	90	3	14.55359401	43	1	6	1
11289	11	90	4	9.682703557	44	0.3	6	0
11290	11	90	5	4.300542309	45	0.3	6	1
11291	11	90	6	5.020008702	38	1	2	0
11292	12	90	7	5.081317005	41	0	5	2
11293	12	90	1	11.04441062	40	0	3	1
11294	12	90	2	6.886505045	48	0.3	6	0
11295	12	90	3	3.888709512	47	0.3	5	0
11296	12	90	4	8.340672695	44	0.3	5	2
11297	12	90	5	31.26734071	43	9.7	6	1
11298	12	90	6	55.18346158	39	6	11	0
11299	12	90	7	25.36225381	46	8	8	2
11300	12	90	1	20.82490925	48	12	5	0
11301	12	90	2	12.28252453	44	6	7	0
11302	12	90	3	13.76281664	41	9	0	1
11303	12	90	4	15.4805453	39	3	8	0
11304	12	90	5	18.54027852	39	8.3	7	0
11305	12	90	6	15.31507957	42	1.3	6	0
11306	12	90	7	17.58770825	40	6.7	3	1
11307	12	90	1	22.64496262	38	5	7	1
11308	12	90	2	3.844727411	44	0	5	0
11309	12	90	3	5.848945304	31	0	7	0
11310	12	90	4	4.631772269	21	0	1	1
11311	12	90	5	15.36049826	18	6.5	9	0
11312	12	90	6	29.22190326	16	6.8	5	1
11313	12	90	7	34.0001086	21	8.3	4	1
11314	12	90	1	35.14016484	24	13.5	5	2
11315	12	90	2	49.91005671	28	11	10	1
11316	12	90	3	66.76009759	33	14.3	4	1
11317	12	90	4	41.99267979	37	9	12	2
11318	12	90	5	5.677180905	38	1.3	3	3
11319	12	90	6	10.70667248	23	0.7	5	1
11320	12	90	7	29.97417748	17	6.7	2	0
11321	12	90	1	16.00907605	30	0.3	7	1
11322	12	90	2	3.746096858	42	0	7	2
11323	1	91	3	11.52680129	42	4.3	3	2
11324	1	91	4	19.06315549	40	9.7	5	1
11325	1	91	5	19.5040576	38	4	4	0
11326	1	91	6	40.11889232	34	11.3	6	1
11327	1	91	7	43.55422015	32	9.7	3	0
11328	1	91	1	21.52009247	34	9.7	7	1
11329	1	91	2	7.624303232	39	3.3	3	0
11330	1	91	3	8.778565115	42	2	4	2
11331	1	91	4	11.47587229	41	8.7	2	0
11332	1	91	5	8.305116169	44	7.3	6	0
11333	1	91	6	7.639747619	49	3	4	3
11334	1	91	7	3.52552152	51	0	7	1
11335	1	91	1	5.56494812	49	0	6	0
11336	1	91	2	3.969725919	49	0.3	4	0
11337	1	91	3	6.336123365	45	1.7	2	3
11338	1	91	4	8.547933113	44	2	4	0
11339	1	91	5	15.04386818	49	7.7	8	1
11340	1	91	6	11.0490894	47	2.3	4	1
11341	1	91	7	19.77249976	39	2.7	2	2
11342	1	91	1	32.27009236	39	7.3	6	1
11343	1	91	2	60.855444	37	10.7	2	1
11344	1	91	3	65.51202169	34	8	9	0
11345	1	91	4	35.77440694	37	12.7	8	2
11346	1	91	5	33.1317709	39	8	8	2
11347	1	91	6	24.41386263	38	5.3	4	1
11348	1	91	7	36.52881615	36	11.3	7	0
11349	1	91	1	53.28124213	32	7.7	6	3
11350	1	91	2	26.82996717	37	6	6	1
11351	1	91	3	48.80018175	33	15.3	9	2
11352	1	91	4	36.01316194	36	8.3	9	2
11353	1	91	5	25.74143094	42	8.7	6	1
11354	2	91	6	18.27658823	51	5.7	8	3
11355	2	91	7	3.929930227	52	0.7	5	2
11356	2	91	1	5.18475862	50	3	1	0
11357	2	91	2	4.848358958	54	1.7	5	1
11358	2	91	3	11.95878561	44	4	4	1
11359	2	91	4	29.31525267	44	9.3	9	0
11360	2	91	5	30.26686079	51	12.7	2	3
11361	2	91	6	26.2080593	52	13	5	1
11362	2	91	7	30.5284446	43	7.7	5	0
11363	2	91	1	37.57479852	43	9.7	8	1
11364	2	91	2	28.34576276	46	2.3	7	2
11365	2	91	3	6.278483936	48	4.3	12	2
11366	2	91	4	11.43269123	49	7.3	5	1
11367	2	91	5	15.18273294	57	9.3	7	2
11368	2	91	6	7.600367523	51	4.7	10	0
11369	2	91	7	7.389113916	46	2.7	9	0
11370	2	91	1	6.74934478	44	1	8	0
11371	2	91	2	6.859716466	45	2.7	13	2
11372	2	91	3	2.506007509	49	0	8	0
11373	2	91	4	5.081317005	46	3.7	9	0
11374	2	91	5	16.7823283	45	10	8	0
11375	2	91	6	25.33720354	44	11	2	0
11376	2	91	7	33.29702284	44	8	8	0
11377	2	91	1	33.09592123	45	4.3	6	0
11378	2	91	2	20.35065083	52	3.7	10	1
11379	2	91	3	20.30767635	52	5.7	8	1
11380	2	91	4	26.80191196	50	9	8	1
11381	2	91	5	26.46465157	48	6	13	1
11382	3	91	6	11.06663295	39	5.3	6	0
11383	3	91	7	3.308198412	44	0	6	3
11384	3	91	1	3.529708612	46	1.3	11	2
11385	3	91	2	6.361152268	39	5	7	1
11386	3	91	3	7.437896734	38	2.7	17	3
11387	3	91	4	10.59534052	42	10.3	8	0
11388	3	91	5	13.27770531	42	4.3	6	0
11389	3	91	6	16.20639385	44	4.7	7	2
11390	3	91	7	15.26801798	39	0.7	12	0
11391	3	91	1	5.412199941	41	0.7	8	0
11392	3	91	2	5.150899846	40	1	7	1
11393	3	91	3	8.058991546	44	3.7	3	1
11394	3	91	4	19.30968938	44	11.7	22	1
11395	3	91	5	15.29531869	44	5.7	9	0
11396	3	91	6	23.67759285	44	6.3	7	0
11397	3	91	7	16.9540455	45	8.3	11	2
11398	3	91	1	15.00998918	50	2.3	11	0
11399	3	91	2	14.99091229	46	4.7	10	1
11400	3	91	3	7.796524209	46	2.7	10	6
11401	3	91	4	10.59847715	49	5.4	10	0
11402	3	91	5	14.03693844	46	3.7	8	1
11403	3	91	6	6.180711337	45	1.3	16	0
11404	3	91	7	7.628574971	48	4.7	4	0
11405	3	91	1	9.884760291	43	7.7	9	0
11406	3	91	2	12.76013733	43	6.3	12	1
11407	3	91	3	9.174050382	44	3	8	1
11408	3	91	4	17.38459373	44	4	5	2
11409	3	91	5	7.484073752	47	1.3	12	0
11410	3	91	6	12.52616041	47	0.3	11	1
11411	3	91	7	16.32040648	52	7.7	10	0
11412	3	91	1	21.03145602	51	5.3	8	2
11413	4	91	2	10.44399751	50	0	15	2
11414	4	91	3	4.926505745	46	0	7	1
11415	4	91	4	3.990116337	46	0.7	13	0
11416	4	91	5	4.621209939	48	1	5	1
11417	4	91	6	4.293426341	47	1	14	3
11418	4	91	7	5.998956562	45	1.7	8	2
11419	4	91	1	5.360911969	45	0.7	11	0
11420	4	91	2	8.444842954	44	3.3	9	0
11421	4	91	3	6.960268796	46	0.7	7	1
11422	4	91	4	7.467068039	43	4.7	6	2
11423	4	91	5	15.0350508	46	5.7	8	2
11424	4	91	6	14.45109532	52	8	12	1
11425	4	91	7	10.81679857	52	4.3	7	0
11426	4	91	1	5.230774913	50	7.3	4	0
11427	4	91	2	10.20129224	50	6	12	0
11428	4	91	3	12.85627897	54	6	7	0
11429	4	91	4	16.75998241	48	0.7	12	1
11430	4	91	5	24.09428697	54	5	6	0
11431	4	91	6	24.18386177	57	5.3	5	1
11432	4	91	7	17.88758432	58	6.7	3	1
11433	4	91	1	14.4368236	55	0.3	8	1
11434	4	91	2	11.16111462	50	2	7	0
11435	4	91	3	19.15318245	46	3.7	10	2
11436	4	91	4	3.757914433	46	0	3	0
11437	4	91	5	5.57088289	47	1	5	0
11438	4	91	6	6.747011032	47	1	12	0
11439	4	91	7	6.982627216	50	3	9	2
11440	4	91	1	7.22084163	48	0.3	6	0
11441	4	91	2	10.44786996	51	7.3	8	2
11442	4	91	3	9.92493892	57	4	5	2
11443	5	91	4	7.852240547	59	3	8	1
11444	5	91	5	7.915049627	59	5	4	0
11445	5	91	6	8.794134452	55	0	4	0
11446	5	91	7	10.88799808	56	3	3	2
11447	5	91	1	8.521216999	55	3	4	1
11448	5	91	2	4.704884935	55	1.3	2	0
11449	5	91	3	5.303680472	53	2.3	7	2
11450	5	91	4	4.437117343	49	0.7	8	1
11451	5	91	5	7.620424206	48	4.3	5	0
11452	5	91	6	10.05158029	55	6	3	0
11453	5	91	7	11.85796979	54	2.7	3	1
11454	5	91	1	7.075342207	53	1.7	7	1
11455	5	91	2	7.424222871	54	1.7	3	1
11456	5	91	3	6.828922315	53	3.7	7	0
11457	5	91	4	9.043016434	56	5.3	1	1
11458	5	91	5	8.680539906	60	5.7	8	3
11459	5	91	6	9.89629877	51	4.7	6	1
11460	5	91	7	13.01330903	52	1.3	9	1
11461	5	91	1	10.67938641	54	2	3	0
11462	5	91	2	11.96852219	59	7.3	12	1
11463	5	91	3	10.6233985	56	5.3	4	1
11464	5	91	4	7.811553172	54	1.3	3	0
11465	5	91	5	9.154279976	55	2	4	0
11466	5	91	6	4.247948634	52	0.3	3	1
11467	5	91	7	3.85421819	54	1.7	4	1
11468	5	91	1	6.305362714	55	3	6	0
11469	5	91	2	7.910275864	56	4.7	8	0
11470	5	91	3	10.38447128	57	2	5	2
11471	5	91	4	5.535523805	52	0.3	4	2
11472	5	91	5	4.750660921	55	1.3	8	1
11473	5	91	6	7.160202706	57	2.3	3	1
11474	6	91	7	7.131417569	60	4.3	1	0
11475	6	91	1	5.205643999	54	3.3	2	0
11476	6	91	2	4.124940979	52	1.3	2	2
11477	6	91	3	5.958655131	53	4.7	5	2
11478	6	91	4	6.782564956	59	5.3	4	0
11479	6	91	5	10.81812625	58	5.3	1	1
11480	6	91	6	6.64488827	54	0.7	5	0
11481	6	91	7	6.505842769	61	2.3	7	2
11482	6	91	1	7.124300479	63	7.3	8	2
11483	6	91	2	5.807126662	65	3.3	8	0
11484	6	91	3	3.733267458	57	0.3	5	1
11485	6	91	4	3.567614731	57	2.3	6	1
11486	6	91	5	3.212607973	56	0.7	1	1
11487	6	91	6	3.879030059	56	1	3	0
11488	6	91	7	4.590367754	59	3	4	2
11489	6	91	1	2.237169963	54	1.3	10	2
11490	6	91	2	4.549879253	58	1.3	8	2
11491	6	91	3	6.409811922	60	2.7	3	1
11492	6	91	4	7.352866149	64	3.7	2	0
11493	6	91	5	4.100853127	52	0	3	2
11494	6	91	6	5.531066606	57	2.3	6	0
11495	6	91	7	6.000725519	61	4.7	3	2
11496	6	91	1	6.1604916	63	6	7	0
11497	6	91	2	5.748459104	62	4.4	7	3
11498	6	91	3	3.787231537	61	0.3	4	2
11499	6	91	4	3.969930155	63	0.3	4	3
11500	6	91	5	6.965388783	65	6	5	0
11501	6	91	6	7.108449193	65	4	3	1
11502	6	91	7	4.571425326	59	0.3	4	0
11503	6	91	1	2.972528988	63	3.7	4	1
11504	7	91	2	6.645820409	71	5.6	2	0
11505	7	91	3	8.945971715	74	4.2	0	2
11506	7	91	4	4.857395594	71	3	0	2
11507	7	91	5	13.0795438	64	3	2	1
11508	7	91	6	12.6139293	63	2.7	4	1
11509	7	91	7	5.424037752	63	4.3	7	0
11510	7	91	1	6.424291117	68	5	6	0
11511	7	91	2	6.68765453	68	5	1	2
11512	7	91	3	6.736201339	60	0	8	1
11513	7	91	4	7.936451094	62	2	2	1
11514	7	91	5	11.67384891	68	6.3	7	2
11515	7	91	6	12.615145	71	7	4	0
11516	7	91	7	4.404175109	67	4.3	3	0
11517	7	91	1	6.308800976	64	4.7	1	1
11518	7	91	2	8.202854143	61	0.7	4	0
11519	7	91	3	4.947737142	66	4.7	3	0
11520	7	91	4	3.983580485	65	4.7	3	0
11521	7	91	5	9.063759602	66	4.3	3	2
11522	7	91	6	11.24417088	63	5	2	0
11523	7	91	7	5.745905146	64	3.3	3	0
11524	7	91	1	4.260556908	68	2.3	6	0
11525	7	91	2	7.657538906	71	3.7	5	2
11526	7	91	3	9.623620415	82	5.3	2	3
11527	7	91	4	12.63443406	65	2.7	1	1
11528	7	91	5	5.630566409	62	3.3	3	1
11529	7	91	6	5.089172689	65	2.3	1	0
11530	7	91	7	5.834407413	67	6	1	1
11531	7	91	1	4.635891663	69	3.7	1	2
11532	7	91	2	4.604689239	68	3	1	2
11533	7	91	3	4.527410434	69	5.7	1	0
11534	7	91	4	6.910486505	71	4.7	4	2
11535	8	91	5	6.445958363	64	2.3	8	0
11536	8	91	6	10.82767595	66	3.3	2	2
11537	8	91	7	7.648248589	69	4.7	1	0
11538	8	91	1	6.497254931	67	4.7	4	2
11539	8	91	2	8.684435986	68	6.3	2	4
11540	8	91	3	9.25278139	70	3.7	1	2
11541	8	91	4	7.999140729	70	7.3	3	0
11542	8	91	5	5.496870876	74	5	1	1
11543	8	91	6	5.501560972	62	5.3	2	1
11544	8	91	7	6.971718434	64	2	5	1
11545	8	91	1	6.705294484	64	3.7	1	0
11546	8	91	2	11.44314519	68	6.3	4	1
11547	8	91	3	10.14571059	68	5	4	1
11548	8	91	4	11.45360574	69	5	2	0
11549	8	91	5	12.49479883	73	4.7	6	0
11550	8	91	6	20.78077312	69	3.3	3	1
11551	8	91	7	14.42143703	72	5.7	1	1
11552	8	91	1	14.10015868	73	7	3	2
11553	8	91	2	14.24878115	73	5.7	2	1
11554	8	91	3	11.10975488	70	5.7	2	3
11555	8	91	4	8.154857073	72	5	4	1
11556	8	91	5	5.945629308	69	4.7	1	1
11557	8	91	6	5.230774913	61	1	1	1
11558	8	91	7	4.867602574	64	3.7	2	0
11559	8	91	1	6.730826509	61	5	4	0
11560	8	91	2	7.985986086	60	1.7	2	3
11561	8	91	3	6.98199433	59	1	2	1
11562	8	91	4	4.193469725	58	0.3	2	0
11563	8	91	5	4.101530157	68	2.3	5	2
11564	8	91	6	3.652518061	68	3.3	3	0
11565	8	91	7	5.205867778	58	7.3	3	1
11566	9	91	1	7.373355398	62	5.7	3	1
11567	9	91	2	8.441843542	64	8.3	3	1
11568	9	91	3	8.458494149	66	3.7	2	1
11569	9	91	4	9.131690423	70	6.3	4	0
11570	9	91	5	11.40407502	71	9.7	3	1
11571	9	91	6	9.607568899	65	2.7	5	1
11572	9	91	7	4.627998756	59	1.7	3	1
11573	9	91	1	9.212897255	60	8	8	1
11574	9	91	2	9.227693176	61	8.3	4	0
11575	9	91	3	9.411328969	65	8	5	1
11576	9	91	4	17.32394721	60	5.3	5	2
11577	9	91	5	18.64375931	58	7	8	2
11578	9	91	6	6.439452446	59	3.3	4	1
11579	9	91	7	8.982649279	59	9	2	1
11580	9	91	1	11.60794272	63	8	7	2
11581	9	91	2	13.13348824	66	8.3	6	1
11582	9	91	3	9.371045223	72	4.3	7	1
11583	9	91	4	11.2831786	71	9.7	10	1
11584	9	91	5	11.27255035	65	7.7	6	0
11585	9	91	6	11.63120982	56	5.3	7	2
11586	9	91	7	12.92106992	57	4.7	7	0
11587	9	91	1	15.14904295	59	9	6	0
11588	9	91	2	12.72140989	62	6.3	8	0
11589	9	91	3	9.270589401	67	4.5	15	1
11590	9	91	4	13.13695709	70	8.6	7	0
11591	9	91	5	16.81796902	66	6.7	8	1
11592	9	91	6	19.58056974	58	7.3	6	0
11593	9	91	7	23.9671869	59	12.7	8	0
11594	9	91	1	21.61583457	62	7	9	1
11595	9	91	2	20.49401647	62	8	9	0
11596	10	91	3	14.79732291	59	7.3	4	0
11597	10	91	4	14.61888237	56	8.3	7	0
11598	10	91	5	17.31952837	58	6.3	4	1
11599	10	91	6	11.80497028	60	4.3	8	0
11600	10	91	7	13.19519629	62	8.7	4	0
11601	10	91	1	11.52881002	58	2.7	6	0
11602	10	91	2	16.57417388	58	10.3	9	0
11603	10	91	3	26.34352796	55	10.3	7	0
11604	10	91	4	29.26291379	59	10	5	1
11605	10	91	5	22.84191971	62	10	12	0
11606	10	91	6	23.12280966	65	8.3	4	0
11607	10	91	7	12.26687003	59	9.3	8	0
11608	10	91	1	10.52095487	57	8.3	7	0
11609	10	91	2	12.68375696	62	7	8	4
11610	10	91	3	15.08031268	63	5.7	3	0
11611	10	91	4	5.733265142	51	0	7	2
11612	10	91	5	13.09690144	49	7.3	10	0
11613	10	91	6	13.61679666	53	12.3	4	0
11614	10	91	7	14.09783662	56	11.7	5	1
11615	10	91	1	20.44628157	56	11.3	4	1
11616	10	91	2	4.771026271	54	1	8	2
11617	10	91	3	6.87100504	46	3.3	6	1
11618	10	91	4	12.01985972	46	2.3	7	1
11619	10	91	5	9.910749499	47	6.3	9	1
11620	10	91	6	13.22761632	45	4.3	10	1
11621	10	91	7	16.37165225	45	2.7	6	2
11622	10	91	1	23.16659335	43	11.7	8	0
11623	10	91	2	24.31255561	40	NA	10	0
11624	10	91	3	24.98988608	40	NA	4	2
11625	10	91	4	38.5174988	40	14.7	5	0
11626	10	91	5	34.00093429	43	9.7	9	0
11627	11	91	6	21.99878543	45	5.3	5	1
11628	11	91	7	12.25235363	45	4.7	8	0
11629	11	91	1	25.32443019	46	11.7	5	3
11630	11	91	2	21.02879761	50	5	8	2
11631	11	91	3	8.481244489	54	5	5	1
11632	11	91	4	22.29712238	50	11	5	2
11633	11	91	5	21.96678044	43	9	8	1
11634	11	91	6	9.836247079	46	3	5	0
11635	11	91	7	11.90093964	52	2.3	7	0
11636	11	91	1	18.59217328	51	14	8	2
11637	11	91	2	9.877574603	54	2.7	8	1
11638	11	91	3	7.194187958	53	0.7	8	1
11639	11	91	4	6.482755315	47	3.7	5	1
11640	11	91	5	23.08185236	44	11	5	2
11641	11	91	6	29.36523428	41	9.3	3	1
11642	11	91	7	12.79074251	48	3	7	0
11643	11	91	1	6.87803833	49	2	3	1
11644	11	91	2	7.428568973	49	3	12	0
11645	11	91	3	4.850001656	50	0.3	7	0
11646	11	91	4	4.826345753	47	0.3	7	0
11647	11	91	5	15.07267315	44	5.3	4	1
11648	11	91	6	25.89606393	43	10	1	1
11649	11	91	7	14.61151251	45	4	4	0
11650	11	91	1	9.454869381	48	2.3	10	3
11651	11	91	2	6.020909201	50	1.3	11	1
11652	11	91	3	9.198828629	46	7.3	8	2
11653	11	91	4	12.78130359	42	7.3	5	0
11654	11	91	5	10.46047488	45	2.3	4	0
11655	11	91	6	19.65282112	40	4.3	4	1
11656	11	91	7	23.58417806	37	9.7	7	0
11657	12	91	1	9.553203064	45	2.7	3	0
11658	12	91	2	14.39690771	45	3.7	6	0
11659	12	91	3	8.852541197	49	0.3	6	1
11660	12	91	4	7.811356476	48	2.7	7	0
11661	12	91	5	5.710365625	49	2.3	9	0
11662	12	91	6	7.324419477	46	1	9	2
11663	12	91	7	4.215122273	46	0	5	0
11664	12	91	1	4.513502429	49	1	5	0
11665	12	91	2	9.410583424	44	3	5	1
11666	12	91	3	14.59567392	39	3.7	2	0
11667	12	91	4	6.276462196	45	1.3	2	1
11668	12	91	5	5.230774913	44	0	3	1
11669	12	91	6	18.56785278	39	9.3	5	1
11670	12	91	7	20.76989213	37	8	7	2
11671	12	91	1	65.33314164	33	11.3	7	1
11672	12	91	2	54.29418166	37	10.3	9	1
11673	12	91	3	44.69088654	37	6.5	7	3
11674	12	91	4	20.38829334	42	6	13	1
11675	12	91	5	10.46659433	42	4.3	3	0
11676	12	91	6	15.6249095	41	3.7	8	1
11677	12	91	7	17.2606068	43	12.7	4	0
11678	12	91	1	17.72063749	44	3.7	6	1
11679	12	91	2	34.46210202	42	9.3	10	1
11680	12	91	3	30.10357801	44	12	5	0
11681	12	91	4	28.7845149	47	11.3	6	0
11682	12	91	5	16.54510688	51	6	7	0
11683	12	91	6	17.44238782	52	8.3	8	0
11684	12	91	7	22.83008634	46	6	9	5
11685	12	91	1	19.80438104	44	14.3	10	3
11686	12	91	2	29.52018019	46	10.3	7	0
11687	12	91	3	19.89037176	45	5	6	0
11688	1	92	4	15.94954153	43	2.3	11	1
11689	1	92	5	9.837352834	45	3.7	11	2
11690	1	92	6	7.473284301	43	2.3	7	2
11691	1	92	7	9.565673547	42	4.7	9	0
11692	1	92	1	9.670660412	38	1.7	5	0
11693	1	92	2	28.7466883	37	12.7	4	0
11694	1	92	3	37.71435276	33	16.7	10	2
11695	1	92	4	40.23171825	38	13	6	2
11696	1	92	5	27.4049792	46	6.3	8	0
11697	1	92	6	8.895781762	46	3	3	3
11698	1	92	7	15.46732644	43	5.7	3	0
11699	1	92	1	32.8227058	39	15.7	3	0
11700	1	92	2	26.60671858	42	17	6	0
11701	1	92	3	26.04718213	46	20.7	8	3
11702	1	92	4	13.62560647	47	1.7	5	0
11703	1	92	5	12.39212038	43	4.3	10	0
11704	1	92	6	25.40325351	39	6.7	9	2
11705	1	92	7	55.25325879	36	8	2	0
11706	1	92	1	35.20374885	43	7	7	1
11707	1	92	2	26.36961129	42	7.7	8	1
11708	1	92	3	11.7254737	44	2	6	0
11709	1	92	4	8.547905026	43	2.7	6	2
11710	1	92	5	4.408113581	49	0	9	2
11711	1	92	6	12.7404596	52	3	9	1
11712	1	92	7	7.289421568	49	0.7	7	1
11713	1	92	1	17.49851726	43	12.3	7	3
11714	1	92	2	5.936609401	49	2.7	10	0
11715	1	92	3	4.115912213	49	0	3	2
11716	1	92	4	5.616637945	54	2.7	10	1
11717	1	92	5	5.24076114	54	4.3	9	0
11718	1	92	6	5.162670495	53	3.3	8	4
11719	2	92	7	7.989185194	47	5	9	2
11720	2	92	1	12.20306871	47	9.7	7	1
11721	2	92	2	20.45850038	52	11	6	2
11722	2	92	3	33.83249645	46	11.7	13	0
11723	2	92	4	29.23347405	41	8.3	16	0
11724	2	92	5	28.32448465	41	7.7	6	1
11725	2	92	6	31.80363192	40	10.7	9	0
11726	2	92	7	33.99135671	46	16	8	2
11727	2	92	1	26.47614485	50	10.7	11	2
11728	2	92	2	24.53239528	49	6.7	5	2
11729	2	92	3	26.98848944	48	13	3	0
11730	2	92	4	23.05481065	48	7.7	9	0
11731	2	92	5	16.80156151	48	8.3	8	0
11732	2	92	6	8.349463876	51	7.7	10	1
11733	2	92	7	8.721202315	45	6.7	7	1
11734	2	92	1	22.70492495	42	12	4	3
11735	2	92	2	15.38917573	45	3.3	9	0
11736	2	92	3	3.287062005	43	0	11	0
11737	2	92	4	10.62372181	41	7.3	11	1
11738	2	92	5	10.83731273	43	3.7	12	0
11739	2	92	6	5.130684209	51	0.3	15	1
11740	2	92	7	8.391715565	48	3.3	5	0
11741	2	92	1	20.65804862	44	14	7	0
11742	2	92	2	15.8132902	51	15	14	1
11743	2	92	3	14.2205202	55	6.7	8	0
11744	2	92	4	20.58298423	54	8.3	8	0
11745	2	92	5	27.60846688	53	11.7	9	1
11746	2	92	6	17.00269623	56	7	7	2
11747	2	92	7	12.45752258	53	4.7	13	1
11748	3	92	1	32.40820354	49	5.3	10	0
11749	3	92	2	24.98494162	51	8.7	9	0
11750	3	92	3	26.45733313	51	10	11	1
11751	3	92	4	18.21495436	49	15	11	1
11752	3	92	5	18.51187564	51	15.7	15	0
11753	3	92	6	21.98232928	50	15.3	7	2
11754	3	92	7	11.76630963	49	5.7	6	2
11755	3	92	1	22.10031166	48	8.7	5	2
11756	3	92	2	31.24710932	49	9.3	9	1
11757	3	92	3	30.08329363	49	10.3	11	0
11758	3	92	4	27.01808977	49	11.7	16	0
11759	3	92	5	26.22331485	50	10	10	0
11760	3	92	6	34.6060744	52	9.7	6	4
11761	3	92	7	40.96221236	50	6.3	10	2
11762	3	92	1	42.42048065	49	11.7	11	0
11763	3	92	2	23.18789416	48	6	11	1
11764	3	92	3	8.074864391	47	5	9	1
11765	3	92	4	14.17128259	47	10	7	1
11766	3	92	5	22.49757761	52	10.1	8	1
11767	3	92	6	19.14175446	52	6.7	10	0
11768	3	92	7	16.10909667	56	8.3	10	0
11769	3	92	1	20.27971465	54	9	9	1
11770	3	92	2	22.41593152	52	8	9	0
11771	3	92	3	32.47008262	50	7.3	8	1
11772	3	92	4	34.73673508	51	8	10	2
11773	3	92	5	27.81948056	48	4.7	11	0
11774	3	92	6	5.747745603	50	3	7	3
11775	3	92	7	9.706130552	48	4	6	2
11776	3	92	1	14.00041513	55	10.3	5	2
11777	3	92	2	13.09091578	56	6.7	11	1
11778	3	92	3	11.13395491	56	3.7	7	0
11779	4	92	4	16.9409956	59	7.7	5	1
11780	4	92	5	17.11167435	61	7	7	0
11781	4	92	6	3.964878048	51	4.3	5	2
11782	4	92	7	3.80025367	46	0	7	2
11783	4	92	1	3.52552152	42	0	2	1
11784	4	92	2	5.788945212	45	2.7	7	1
11785	4	92	3	11.14004486	45	7.3	5	0
11786	4	92	4	14.51223562	47	7	11	3
11787	4	92	5	16.13517178	45	4	2	0
11788	4	92	6	14.99951521	49	7.7	4	1
11789	4	92	7	12.94851905	47	9.7	5	2
11790	4	92	1	12.40710736	56	10	6	1
11791	4	92	2	8.327028134	55	4.7	4	3
11792	4	92	3	5.841902362	58	6.3	4	0
11793	4	92	4	8.802055166	57	7.7	2	2
11794	4	92	5	4.306970541	56	1.3	9	2
11795	4	92	6	3.758919006	53	1.3	3	2
11796	4	92	7	6.948269829	53	2.7	6	0
11797	4	92	1	10.5364669	53	5.7	7	0
11798	4	92	2	4.426611029	53	3.3	4	2
11799	4	92	3	5.273113976	49	3.7	5	0
11800	4	92	4	3.599588499	49	0.7	3	0
11801	4	92	5	6.897413996	49	2.3	2	1
11802	4	92	6	5.529801584	65	3	6	3
11803	4	92	7	8.092074732	64	5.3	4	0
11804	4	92	1	5.597402432	62	3.7	4	4
11805	4	92	2	4.973754597	62	2.3	8	2
11806	4	92	3	8.813817221	58	10.7	2	0
11807	4	92	4	4.866391986	58	0.3	3	0
11808	4	92	5	3.56563602	52	1.7	3	1
11809	5	92	6	5.71638172	53	5.7	9	1
11810	5	92	7	7.388545654	57	6	4	0
11811	5	92	1	10.03634493	62	5.7	3	0
11812	5	92	2	11.98097919	68	7.3	3	0
11813	5	92	3	9.329697614	68	5.3	4	1
11814	5	92	4	9.089675089	65	5.7	6	0
11815	5	92	5	10.04809328	61	4	5	0
11816	5	92	6	8.463251067	52	3.3	5	1
11817	5	92	7	3.68283523	49	0.3	3	3
11818	5	92	1	3.243376042	53	2	3	0
11819	5	92	2	4.995545599	50	2.3	5	0
11820	5	92	3	6.209425713	51	3.7	6	1
11821	5	92	4	7.035696949	62	4.7	5	2
11822	5	92	5	7.945474921	61	7.3	8	0
11823	5	92	6	7.749527128	57	2.3	5	1
11824	5	92	7	9.527267177	63	8.3	4	0
11825	5	92	1	10.19993349	67	5.3	6	2
11826	5	92	2	9.44723987	62	1	8	0
11827	5	92	3	7.419111845	58	2	5	0
11828	5	92	4	5.909309482	55	1	5	0
11829	5	92	5	6.705294484	54	4.3	2	0
11830	5	92	6	10.12801627	59	4.7	7	1
11831	5	92	7	9.992507303	64	6.7	3	1
11832	5	92	1	12.70307545	71	7.7	7	1
11833	5	92	2	8.363596016	66	3.7	5	1
11834	5	92	3	5.018934008	60	3.3	4	2
11835	5	92	4	7.287045027	59	3.3	4	1
11836	5	92	5	9.672229309	60	5	7	0
11837	5	92	6	5.739570009	63	4.7	8	0
11838	5	92	7	7.714752607	64	5	4	1
11839	5	92	1	5.701871053	68	6.7	3	0
11840	6	92	2	4.953051279	65	2.3	0	2
11841	6	92	3	4.395774189	61	2	8	2
11842	6	92	4	4.626390695	64	4.4	7	1
11843	6	92	5	4.784851591	61	2.7	5	2
11844	6	92	6	8.275005428	63	3.3	6	0
11845	6	92	7	8.90225406	63	5	2	1
11846	6	92	1	5.957237416	62	2.7	2	1
11847	6	92	2	5.458625459	62	3.7	4	1
11848	6	92	3	3.110375576	63	0	3	1
11849	6	92	4	3.850947896	61	7.7	4	0
11850	6	92	5	4.669864982	63	3.7	6	1
11851	6	92	6	5.123245916	57	1.3	2	0
11852	6	92	7	3.83538978	55	2.7	2	1
11853	6	92	1	3.90463513	60	5.3	6	2
11854	6	92	2	5.177186713	63	7	5	0
11855	6	92	3	7.341523881	62	3.7	4	1
11856	6	92	4	7.257056169	62	4	6	0
11857	6	92	5	5.867981583	67	7	4	1
11858	6	92	6	5.771497427	66	5	1	3
11859	6	92	7	2.944008008	70	4	6	1
11860	6	92	1	3.400135004	75	5	8	2
11861	6	92	2	5.390829175	79	5.3	3	1
11862	6	92	3	5.878861166	77	5.7	2	2
11863	6	92	4	6.560725421	76	5	5	0
11864	6	92	5	8.449157432	72	1.7	4	1
11865	6	92	6	6.296253918	66	2.7	4	1
11866	6	92	7	6.261007234	69	4	6	0
11867	6	92	1	6.250280723	66	0.7	4	1
11868	6	92	2	3.838808137	61	3	5	1
11869	6	92	3	4.943909199	64	5	7	0
11870	7	92	4	5.602922729	68	3	0	1
11871	7	92	5	7.362785992	68	5.7	3	1
11872	7	92	6	5.272947888	68	5	4	0
11873	7	92	7	7.768984874	59	3	4	0
11874	7	92	1	3.784798501	62	3	4	0
11875	7	92	2	4.679356656	63	5.3	4	0
11876	7	92	3	6.118476523	62	7	5	1
11877	7	92	4	7.582736853	65	8.7	4	0
11878	7	92	5	7.963106191	65	7.7	3	1
11879	7	92	6	12.45917176	61	8.3	4	0
11880	7	92	7	9.408180065	65	9	3	0
11881	7	92	1	10.20530462	67	4.7	5	0
11882	7	92	2	2.783298008	65	3.3	1	0
11883	7	92	3	4.104165177	64	3	1	1
11884	7	92	4	7.073754268	66	3.3	5	0
11885	7	92	5	8.551074701	74	7	1	0
11886	7	92	6	7.285429336	75	6	4	1
11887	7	92	7	7.241339719	74	6.3	5	1
11888	7	92	1	9.836247079	68	1.7	5	1
11889	7	92	2	7.658918027	65	0.7	7	0
11890	7	92	3	7.166002898	65	2.3	6	3
11891	7	92	4	7.511117297	64	11.3	4	0
11892	7	92	5	5.6375113	60	0.3	4	1
11893	7	92	6	8.070572969	64	8	2	1
11894	7	92	7	8.292583806	69	5.3	1	0
11895	7	92	1	5.169777812	67	4.3	6	1
11896	7	92	2	5.756540464	68	5.7	5	2
11897	7	92	3	5.808131877	70	4.3	4	0
11898	7	92	4	6.119602865	73	3.3	4	0
11899	7	92	5	9.815012593	76	6.3	6	1
11900	7	92	6	10.11843857	72	3.7	6	1
11901	8	92	7	7.158913457	64	1.3	2	1
11902	8	92	1	7.159205634	66	6	4	1
11903	8	92	2	9.748951476	68	5.7	3	0
11904	8	92	3	7.868402405	64	1.3	5	1
11905	8	92	4	9.891967152	67	5	2	1
11906	8	92	5	7.872918824	62	2	1	0
11907	8	92	6	3.406604936	64	2	5	1
11908	8	92	7	3.860497699	62	0.7	6	3
11909	8	92	1	4.606625126	65	6.7	4	0
11910	8	92	2	5.853307868	70	3.7	3	0
11911	8	92	3	8.865505951	76	3.3	3	2
11912	8	92	4	9.26157427	79	6	6	1
11913	8	92	5	11.59069917	78	6	4	0
11914	8	92	6	11.1210419	71	4	6	0
11915	8	92	7	6.392796457	71	6.3	5	0
11916	8	92	1	8.540278648	67	6.3	3	0
11917	8	92	2	10.52461093	73	7	5	0
11918	8	92	3	12.25118313	67	2.7	2	0
11919	8	92	4	9.636856893	66	8	2	1
11920	8	92	5	8.35652863	64	3	3	0
11921	8	92	6	7.576390165	62	1.3	2	0
11922	8	92	7	5.856903264	64	5	0	0
11923	8	92	1	7.811679284	64	2.7	1	0
11924	8	92	2	9.134928004	64	7.3	8	0
11925	8	92	3	8.783242519	67	8.5	5	2
11926	8	92	4	6.77033237	70	6.7	3	1
11927	8	92	5	6.247763828	67	4.7	2	1
11928	8	92	6	7.177956056	61	4.7	2	1
11929	8	92	7	8.657174887	64	6.3	6	2
11930	8	92	1	7.556561689	64	8	2	1
11931	8	92	2	10.9276683	67	6.3	3	0
11932	9	92	3	12.29010815	66	7.3	5	2
11933	9	92	4	9.612156857	65	4.3	7	3
11934	9	92	5	11.49023963	61	6.8	4	1
11935	9	92	6	3.212607973	61	3.7	8	0
11936	9	92	7	3.944897617	57	2.7	5	1
11937	9	92	1	5.21962835	57	6	5	0
11938	9	92	2	4.236939981	56	1.3	9	0
11939	9	92	3	4.505852477	60	2.3	5	1
11940	9	92	4	6.782387092	62	4.7	7	0
11941	9	92	5	7.671407105	66	8.7	3	1
11942	9	92	6	6.449687009	61	4.7	6	1
11943	9	92	7	4.77403868	59	1	7	0
11944	9	92	1	3.472050931	54	2.3	8	2
11945	9	92	2	6.254646525	54	5.7	12	1
11946	9	92	3	9.443421646	56	8	14	1
11947	9	92	4	8.370494343	57	5.7	6	2
11948	9	92	5	7.976739719	59	5.3	9	2
11949	9	92	6	11.83217246	60	10.3	8	1
11950	9	92	7	9.844961882	60	8	5	0
11951	9	92	1	5.102419023	62	5.3	5	1
11952	9	92	2	9.895997626	67	6.7	12	0
11953	9	92	3	14.84295069	64	6	9	1
11954	9	92	4	4.594598515	58	1.3	11	0
11955	9	92	5	3.856261119	57	1	9	1
11956	9	92	6	5.721834992	59	5.7	7	1
11957	9	92	7	5.647182224	58	2.3	14	0
11958	9	92	1	7.413653599	56	8.3	10	1
11959	9	92	2	14.27336075	61	8.3	11	1
11960	9	92	3	15.84993717	66	10.7	7	1
11961	9	92	4	20.5798622	68	6.3	7	0
11962	10	92	5	17.34941617	62	6	9	1
11963	10	92	6	10.59847715	58	8.7	11	0
11964	10	92	7	6.122248706	58	9.7	7	0
11965	10	92	1	6.38184562	56	6	5	1
11966	10	92	2	10.98426049	52	7.3	4	0
11967	10	92	3	13.04479032	54	7	4	0
11968	10	92	4	14.84508747	57	6.3	7	1
11969	10	92	5	8.218108349	56	4.7	7	0
11970	10	92	6	12.09193915	55	8	5	2
11971	10	92	7	16.51661236	58	14	9	0
11972	10	92	1	15.32410781	59	12.7	5	1
11973	10	92	2	12.8140011	56	6	8	0
11974	10	92	3	9.097083147	51	6	6	3
11975	10	92	4	14.80892354	47	6.3	8	0
11976	10	92	5	12.10679849	47	4.7	5	0
11977	10	92	6	19.08714234	49	14.7	5	0
11978	10	92	7	20.41516708	54	17.3	5	1
11979	10	92	1	13.09624592	57	5.7	12	0
11980	10	92	2	7.971623407	60	8.3	2	1
11981	10	92	3	8.672761403	60	4	4	0
11982	10	92	4	13.42301978	56	6.3	7	0
11983	10	92	5	11.55466719	55	9.3	6	0
11984	10	92	6	13.82731372	63	9.3	6	0
11985	10	92	7	7.473812254	55	6.7	8	1
11986	10	92	1	16.37354956	50	8.7	3	0
11987	10	92	2	26.11663208	52	14	6	0
11988	10	92	3	25.44431149	52	7	4	1
11989	10	92	4	25.22098689	48	4	8	1
11990	10	92	5	8.524330192	52	5.3	5	1
11991	10	92	6	7.51986136	51	3.7	8	0
11992	10	92	7	4.09584023	53	1.3	2	0
11993	11	92	1	5.276604582	51	3	2	0
11994	11	92	2	11.71014606	49	8.3	4	0
11995	11	92	3	24.42571663	47	15	4	1
11996	11	92	4	14.91354866	49	10	8	0
11997	11	92	5	26.69972194	50	16	5	1
11998	11	92	6	21.50229907	51	5.7	2	0
11999	11	92	7	4.351617367	53	0.3	5	0
12000	11	92	1	6.012872726	45	2.7	6	1
12001	11	92	2	17.86680648	42	10	8	0
12002	11	92	3	16.83707947	40	5.7	7	0
12003	11	92	4	11.27278037	45	13.3	2	0
12004	11	92	5	17.02386216	49	20.9	4	1
12005	11	92	6	20.490538	48	13.7	9	4
12006	11	92	7	29.5344535	46	10	2	0
12007	11	92	1	30.85257544	45	12.7	3	0
12008	11	92	2	18.30696863	48	10	8	0
12009	11	92	3	14.5185492	49	3.7	5	0
12010	11	92	4	5.549758559	50	1.7	5	0
12011	11	92	5	4.812030206	44	0.3	8	1
12012	11	92	6	14.06214629	43	12.3	5	3
12013	11	92	7	6.760642164	44	5	3	1
12014	11	92	1	6.851422135	44	3.7	5	1
12015	11	92	2	28.27406343	37	10.7	4	1
12016	11	92	3	24.69234457	41	9	6	3
12017	11	92	4	20.87780563	43	4	3	0
12018	11	92	5	12.06218012	48	2	8	1
12019	11	92	6	6.005114686	47	2	6	0
12020	11	92	7	14.33067707	43	9.7	5	0
12021	11	92	1	24.60402779	36	7.3	6	0
12022	11	92	2	10.84732127	43	5	8	0
12023	12	92	3	14.11118578	38	6.7	2	0
12024	12	92	4	8.728005634	41	2.3	13	0
12025	12	92	5	23.42554485	38	10.2	4	0
12026	12	92	6	26.3293458	40	7.7	6	3
12027	12	92	7	18.59680705	35	3	9	1
12028	12	92	1	6.136167029	42	2.7	9	0
12029	12	92	2	14.74973751	37	3	9	1
12030	12	92	3	6.428968995	41	1.7	7	0
12031	12	92	4	8.077380438	40	5	5	1
12032	12	92	5	10.67925095	38	1.5	3	2
12033	12	92	6	15.29158919	38	10	6	0
12034	12	92	7	30.17924286	40	11	8	2
12035	12	92	1	16.1284626	43	4	4	1
12036	12	92	2	7.230720228	43	3	9	1
12037	12	92	3	19.17802181	37	9	7	1
12038	12	92	4	14.39162378	35	7	5	0
12039	12	92	5	7.872563649	36	4.7	7	1
12040	12	92	6	19.43077967	33	11.3	5	0
12041	12	92	7	7.776262844	36	2.3	6	1
12042	12	92	1	3.83140746	41	0	10	0
12043	12	92	2	4.5196914	42	3	11	0
12044	12	92	3	3.888936661	46	1.3	4	3
12045	12	92	4	4.126977949	47	0.3	7	2
12046	12	92	5	15.32613745	44	10.3	11	2
12047	12	92	6	22.38195016	36	10.3	3	0
12048	12	92	7	3.932314154	41	0	8	0
12049	12	92	1	8.444343348	39	8.3	4	0
12050	12	92	2	8.561353391	41	3.3	9	0
12051	12	92	3	5.943162274	38	1	10	1
12052	12	92	4	16.14902561	34	10	5	2
12053	12	92	5	11.79830441	30	3	6	0
12054	1	93	6	23.37721427	29	12	6	0
12055	1	93	7	28.84715051	33	15.7	8	2
12056	1	93	1	12.18530109	36	0.3	10	0
12057	1	93	2	11.80919376	34	7	10	2
12058	1	93	3	7.813350695	29	2.3	6	1
12059	1	93	4	13.14764305	28	4	5	2
12060	1	93	5	18.06213911	32	6	2	0
12061	1	93	6	9.732703865	34	6	5	1
12062	1	93	7	11.90728829	35	5.7	5	1
12063	1	93	1	18.08569974	31	8.7	6	0
12064	1	93	2	29.60284873	30	12.3	9	2
12065	1	93	3	24.56678121	32	12.3	7	1
12066	1	93	4	9.585416713	36	2	12	2
12067	1	93	5	16.36237605	35	6	1	3
12068	1	93	6	28.98416171	42	9	10	2
12069	1	93	7	23.07680849	39	7.7	8	2
12070	1	93	1	23.61830087	38	10.7	9	1
12071	1	93	2	22.54797975	37	7.7	8	3
12072	1	93	3	8.488189306	39	1.3	9	1
12073	1	93	4	6.795712121	45	0.3	12	2
12074	1	93	5	10.83416411	41	2.3	13	0
12075	1	93	6	16.05030771	38	2.7	13	4
12076	1	93	7	29.25883526	34	10.5	7	1
12077	1	93	1	9.699535592	44	2.3	13	4
12078	1	93	2	10.20191037	50	11.3	13	1
12079	1	93	3	11.21379163	50	1.7	7	1
12080	1	93	4	16.1585616	49	3.7	13	3
12081	1	93	5	10.5362128	47	4	7	2
12082	1	93	6	14.27559836	47	11.3	10	5
12083	1	93	7	27.59020218	45	10.9	9	3
12084	1	93	1	35.81295062	42	4	7	0
12085	2	93	2	18.9742275	46	12	12	3
12086	2	93	3	19.24588	48	7.3	11	0
12087	2	93	4	16.79874361	44	6.3	11	1
12088	2	93	5	15.40367273	49	4.7	6	2
12089	2	93	6	19.29330693	50	10.3	11	2
12090	2	93	7	19.05561472	54	9.7	9	0
12091	2	93	1	12.29504579	53	8.3	7	0
12092	2	93	2	10.40528012	54	3.3	14	0
12093	2	93	3	12.98764555	49	7.9	13	1
12094	2	93	4	12.99502548	50	11.4	7	2
12095	2	93	5	16.3667464	48	9.7	9	2
12096	2	93	6	27.37786582	42	9.3	10	3
12097	2	93	7	30.36961696	44	14.3	12	1
12098	2	93	1	25.15847702	39	7	14	3
12099	2	93	2	9.651215609	37	3.3	10	2
12100	2	93	3	7.868276076	34	2.7	8	2
12101	2	93	4	7.85985155	32	2.7	15	1
12102	2	93	5	13.12661584	37	5.3	10	1
12103	2	93	6	12.82686342	37	5.3	13	0
12104	2	93	7	15.82926636	38	5.7	10	4
12105	2	93	1	12.60401767	37	9.7	12	0
12106	2	93	2	15.27056694	39	11.3	16	1
12107	2	93	3	9.015856345	37	1	6	2
12108	2	93	4	16.38336092	35	9.3	12	0
12109	2	93	5	27.75790093	36	11.7	14	1
12110	2	93	6	30.01176481	38	10.7	15	2
12111	2	93	7	31.35484707	40	13.7	8	1
12112	2	93	1	29.15661887	44	8	13	1
12113	3	93	2	12.23534397	43	4	13	3
12114	3	93	3	12.87406363	46	5.7	22	1
12115	3	93	4	4.826345753	49	0.3	11	3
12116	3	93	5	4.180848436	49	0	16	4
12117	3	93	6	6.15759493	54	3.7	11	1
12118	3	93	7	14.16420225	54	8.3	14	2
12119	3	93	1	20.02685221	50	11	11	1
12120	3	93	2	20.70036421	47	12	13	1
12121	3	93	3	11.40459328	47	4	15	1
12122	3	93	4	10.31077546	50	4	12	2
12123	3	93	5	11.44937055	48	6.3	15	1
12124	3	93	6	8.510395839	51	5	20	0
12125	3	93	7	11.66182822	48	10.3	14	1
12126	3	93	1	8.182400865	49	1.7	14	1
12127	3	93	2	5.518072556	46	3	9	0
12128	3	93	3	8.891563919	43	5.7	15	1
12129	3	93	4	7.619918172	48	7.7	13	2
12130	3	93	5	5.828688268	47	6	12	2
12131	3	93	6	9.836529702	48	6	24	0
12132	3	93	7	4.598997814	49	0	12	0
12133	3	93	1	7.341661203	54	2.3	9	1
12134	3	93	2	9.304310982	51	3.3	13	2
12135	3	93	3	3.77680668	49	0	13	0
12136	3	93	4	9.070472841	44	9.7	14	0
12137	3	93	5	13.88791678	45	7.7	11	1
12138	3	93	6	12.74573339	47	7	10	0
12139	3	93	7	14.36344042	48	8	11	1
12140	3	93	1	14.44036545	47	6.3	11	1
12141	3	93	2	7.795174862	47	1.7	11	1
12142	3	93	3	13.35639989	49	9.3	10	1
12143	3	93	4	8.354576307	51	5	13	2
12144	4	93	5	4.973754597	53	3.3	6	0
12145	4	93	6	5.456767796	50	3	9	2
12146	4	93	7	5.945452554	46	2.3	9	1
12147	4	93	1	7.723486036	46	6.3	12	0
12148	4	93	2	7.161635606	48	1.3	13	1
12149	4	93	3	6.667167972	48	1.7	8	1
12150	4	93	4	6.775262802	50	3.7	6	1
12151	4	93	5	7.232076153	51	2.8	14	2
12152	4	93	6	3.944897617	50	4.7	11	1
12153	4	93	7	3.917067043	46	4.7	3	0
12154	4	93	1	4.474706711	47	1	10	2
12155	4	93	2	6.448196774	47	4	6	0
12156	4	93	3	7.757985437	48	4.7	10	0
12157	4	93	4	8.455694057	51	10	9	0
12158	4	93	5	6.078397219	52	4	12	0
12159	4	93	6	8.053406869	51	8	8	0
12160	4	93	7	4.99081496	53	6.3	2	0
12161	4	93	1	3.599090148	51	1.3	14	2
12162	4	93	2	5.526114829	51	6.7	4	2
12163	4	93	3	4.268428062	62	1.3	14	1
12164	4	93	4	4.54769954	54	5	10	1
12165	4	93	5	4.247948634	51	2.7	5	1
12166	4	93	6	4.204491732	52	5.7	7	0
12167	4	93	7	3.388866897	53	1.3	1	1
12168	4	93	1	3.841362436	50	0.3	9	1
12169	4	93	2	3.131452189	49	0	7	0
12170	4	93	3	4.737367502	53	3	9	1
12171	4	93	4	10.81320614	51	5.7	2	0
12172	4	93	5	6.373439354	56	3.3	5	0
12173	4	93	6	6.466100789	53	5.7	4	1
12174	5	93	7	7.181576826	51	2.7	6	0
12175	5	93	1	6.948157998	53	3.3	7	1
12176	5	93	2	9.065493444	50	5.3	9	0
12177	5	93	3	4.280828481	54	1	9	1
12178	5	93	4	4.826345753	55	2.3	7	0
12179	5	93	5	4.70288152	53	1.7	7	0
12180	5	93	6	3.454539587	50	0	10	0
12181	5	93	7	3.599090148	53	2.3	5	0
12182	5	93	1	7.603062184	55	9	5	2
12183	5	93	2	8.176315481	65	4.3	11	2
12184	5	93	3	4.998695711	58	6	7	1
12185	5	93	4	7.144779513	65	2.7	9	1
12186	5	93	5	4.562347563	62	0	4	0
12187	5	93	6	8.007083641	61	1	7	0
12188	5	93	7	5.585047774	61	4	5	1
12189	5	93	1	7.839905969	63	5.3	7	0
12190	5	93	2	9.663388797	67	4	10	1
12191	5	93	3	13.189263	65	8	5	0
12192	5	93	4	5.092069204	67	3.2	5	0
12193	5	93	5	3.05753685	62	2.3	2	0
12194	5	93	6	2.386743458	58	0.3	5	1
12195	5	93	7	2.237169963	59	1.3	5	0
12196	5	93	1	3.64156869	63	1.7	4	0
12197	5	93	2	4.801956241	69	5	3	1
12198	5	93	3	6.622114902	62	1	6	0
12199	5	93	4	6.960268796	66	2.7	8	1
12200	5	93	5	8.032219686	61	5	5	0
12201	5	93	6	4.599234425	61	2	10	0
12202	5	93	7	2.671095152	62	4.7	4	1
12203	5	93	1	4.058177593	66	6.3	2	0
12204	5	93	2	3.854671521	58	5.3	5	1
12205	6	93	3	4.048311812	62	6	3	1
12206	6	93	4	5.066543163	60	10.3	5	1
12207	6	93	5	4.351617367	62	5.7	3	4
12208	6	93	6	6.719005077	60	6	8	0
12209	6	93	7	8.507758778	68	4.7	6	0
12210	6	93	1	4.777863715	57	1.7	3	0
12211	6	93	2	4.104165177	57	3.7	7	0
12212	6	93	3	4.854965844	59	4	6	0
12213	6	93	4	3.895059655	58	2.3	7	0
12214	6	93	5	3.425027551	57	2	4	1
12215	6	93	6	3.233334437	55	2.7	7	0
12216	6	93	7	3.690713791	59	2.5	6	1
12217	6	93	1	5.102652309	61	4	7	2
12218	6	93	2	9.078049697	62	6.5	5	2
12219	6	93	3	2.754891061	62	2.3	9	0
12220	6	93	4	5.672044859	64	5.7	6	0
12221	6	93	5	7.891399586	66	2.7	3	0
12222	6	93	6	4.355976615	67	5	9	1
12223	6	93	7	4.455256768	61	3.3	5	0
12224	6	93	1	4.026672365	63	3.3	4	1
12225	6	93	2	3.658047467	56	1.7	5	1
12226	6	93	3	2.352490474	55	1.7	6	1
12227	6	93	4	4.209241899	58	2.7	8	2
12228	6	93	5	4.521709293	62	4.7	2	0
12229	6	93	6	6.494740408	67	6.3	4	1
12230	6	93	7	3.555043721	63	4	3	1
12231	6	93	1	2.429937947	60	1.3	5	0
12232	6	93	2	4.107760342	59	4.7	7	0
12233	6	93	3	5.929751404	61	3.7	6	2
12234	6	93	4	5.64676807	62	4	7	1
12235	7	93	5	3.718948367	62	2	6	1
12236	7	93	6	4.314733933	62	7	3	1
12237	7	93	7	4.708862952	60	4.3	3	1
12238	7	93	1	7.404726858	62	6.3	7	1
12239	7	93	2	5.751885794	61	3.7	2	5
